222,227,1,44
137,134,1,20
1003,1004,2,44
142,1003,1,30
20123,11114,42,1,44
238,187,2,44
273,274,1,44
260,168,1,44
260,20,1,44
205,204,1,25
54,53,56,1,44
49,51,2,44
48,49,1,20
48,276,2,44
38,243,371,1,25
246,247,1,44
248,247,1,50
250,249,1,44
129,20164,1,44
20164,20163,1,30
20163,8574,1,25
8574,20003,1,44
11347,20102,1,44
20152,20151,1,25
537,353,1,44
537,354,1,25
291,11347,1,25
20009,10873,1,50
20115,20113,1,50
9365,20004,1,12
20162,396,1,44
9821,20051,2,25
20166,20165,1,44
129,358,1,44
326,327,1,20
385,52,3,50
310,320,1,20
350,113,1,44
310,113,1,50
364,363,1,20
206,56,2,50
232,1000,3
3000,1000,3
3010,1000,3
3020,1000,3
3030,1000,3
3040,1000,3
3050,1000,3
3060,1000,3
4000,1000,3
4010,1000,3
4020,1000,3
5000,1000,3
5010,1000,3
5020,1000,3
5030,1000,3
5040,1000,3
6000,1000,3
6010,1000,3
6020,1000,3
6030,1000,3
6040,1000,3
7000,1000,3
7010,1000,3
7020,1000,3
7030,1000,3
7040,1000,3
7050,1000,3
7060,1000,3
7070,1000,3
7080,1000,3
7090,1000,3
7100,1000,3
7110,1000,3
8777,1000,3
8878,1000,3
9161,1000,3
9743,1000,3
9760,1000,3
9761,1000,3
9823,1000,3
10305,1000,3
11100,1000,3
11101,1000,3
11102,1000,3
11341,1000,3
11367,1000,3
11388,1000,3
20011,1000,3
20012,1000,3
20014,1000,3
20019,1000,3
20020,1000,3
20031,1000,3
20105,1000,3
20124,1000,3
20125,1000,3
20139,1000,3
20153,1000,3
283,131,24,44
235,236,24,44
9177,11392,24,44
11378,9843,24,44
534,535,24,44
81,190,24,44
8727,20159,24,44
159,156,24,44
701,93,24,44
8713,8709,24,44
9,5,24,44
282,163,24,44
603,153,24,44
11402,11401,24,44
151,241,24,44
9750,9840,24,44
8813,8827,24,44
1011,1012,24,44
111,999,24,44
781,780,24,44
365,39,24,44
386,387,24,44
192,74,24,44
371,245,24,44
68,80,24,44
11379,20154,24,44
1013,1014,24,44
265,7,24,44
269,268,24,44
1100,1053,24,44
380,117,24,44
170,279,24,44
96,300,24,44
21,10,24,44
73,76,24,44
11403,20032,24,44
20133,10886,24,44
750,751,24,44
842,20160,24,44
315,314,24,44
128,395,24,44
173,18,24,44
571,125,24,44
201,202,24,44
88,83,24,44
