0,2222,69,147
5,2222,900153,265
7,2222,900204,8
8,2222,7,851
9,2232,900153,800
10,2222,900222,20
14,3322,61,168
17,2222,18,196
18,2222,17,900246
20,2222,900024,10
21,2222,900222,450
25,23102310,156,762,242,763
26,323322,3040,62,280
38,2222,39,900042
39,222222,38,900183,99
40,2222,41,278
41,2222,40,174
42,2222,900013,254
45,2223,99,48
48,32534233,900036,900039,45,111
49,2222,900036,900033
51,2222,900033,376
52,322222,113,900105,376
53,22222222,900030,93,94,900031
54,223310,900030,55,7040
55,331022,54,7050,267
56,2222,900031,900120
57,2222,207,3010
61,33102201,14,62,905,900
62,32101101,26,900,906,61
63,2232,66,106
66,2210100101,63,851,852,853,850
68,2222,74,900195
69,2222,0,5000
73,2222,900225,80
74,2222,68,900189
75,33102201,76,647,100,649
76,3322,75,900225
78,33102201,138,1306,1300,1305
79,3223,142,10852
80,2222,900195,73
81,2222,900138,192
82,2222,83,231
83,2222,82,900255
84,2222,85,231
85,2222,84,86
86,2222,85,6040
88,222232,900255,387,89
89,2222,88,91
91,2222,204,89
93,222222,53,900147,286
94,2222,53,286
95,10220133,278,800,801,279
96,222232,6020,6010,900219
97,2222,99,202
99,223222,39,45,97
100,2222,75,600
101,2222,292,601
106,23102310,63,740,700,741
108,32323232,146,401,154,400
109,32323232,110,7090,154,530
110,2322,109,292
111,331133,48,7070,900177
113,32323233,253,52,900114,900111
115,222222,121,702,127
116,22222222,117,165,281,232
117,32323232,116,900213,122,381
121,2222,115,3020
122,2222,117,123
123,2222,122,285
124,222222,285,571,403
125,322222,127,536,900249
127,2222,115,125
128,2222,129,900243
129,32323232,128,900099,131,900054
130,32323432,146,7060,20166,1100
131,2222,129,900123
132,2222,189,280
134,2222,900003,227
135,2222,136,259
136,2222,135,137
137,2222,136,900003
138,33102201,78,1002,1600,1601
141,222310,1004,20166,7110
142,222222,79,1001,900009
144,2333,242,1600
146,32323332,108,335,130,384
147,2222,0,166
150,2222,3000,209
151,32323232,900165,321,153,320
153,32323332,151,312,900159,311
154,2222,108,109
156,3222,25,900144
159,2222,900144,4010
161,2222,163,281
162,222222,282,20162,8515
163,2222,161,900156
165,2222,116,395
166,2222,147,225
168,2222,14,900021
170,3333,900216,501
171,2233,173,501
173,2222,900246,171
174,2233,41,600
175,2332,5020,250
184,2343,300,1200
185,23102310,190,344,5010,345
187,222222,900015,845,291
188,322222,189,9851,20160
189,2222,132,188
190,32013201,900138,341,185,340
192,2222,81,900189
196,2222,197,17
197,2222,196,6030
201,2222,6000,900252
202,2222,97,900252
204,222222,91,900027,287
205,2222,900027,206
206,2222,900120,205
207,2222,236,57
209,2222,150,288
222,2222,226,900000
225,222222,166,226,328
226,2222,222,225
227,223222,900000,134,318
231,2222,82,84
232,22,116
235,2223,900126,700
236,2222,207,900126
238,2222,900015,274
241,231132,900165,7080,999
242,32013201,25,759,144,758
243,322222,244,900043,900042
244,2222,243,245
245,223222,244,246,900192
246,2222,245,900045
247,2222,900045,900048
248,2222,900048,249
249,2222,248,900051
250,33423232,175,339,370,900051
252,2222,253,502
253,2222,113,252
254,2222,291,42
259,2232,135,1004
260,2222,900024,900021
265,2222,5,900204
267,2222,55,268
268,2222,267,900207
269,2222,900207,500
273,2222,4000,900018
274,2222,900018,238
276,34102201,900039,1203,1200,1205
278,2210100101,40,803,801,802,95
279,3333,900216,95
280,2222,132,26
281,2222,116,161
282,2222,900156,162
283,2222,900123,1100
285,2222,124,123
286,2222,94,93
287,2222,288,204
288,2222,209,287
291,222222,254,187,900078
292,2222,101,110
300,3223,184,900219
310,222222,900114,900108,311
311,2222,310,153
312,2222,153,313
313,2222,312,314
314,2222,313,900240
315,2222,900240,316
316,222232,315,325,317
317,322222,316,318,333
318,2222,317,227
320,2222,151,900108
321,2222,322,151
322,222222,323,321,360
323,2222,324,322
324,322222,325,323,332
325,222232,326,316,324
326,2222,900102,325
327,2222,328,900102
328,2222,225,327
330,222232,5040,331,338
331,2222,330,332
332,2222,331,324
333,322222,317,337,400
334,2222,337,335
335,223222,334,336,146
336,2222,335,20166
337,2222,333,334
338,222023,330,342,339
339,330232,250,343,338
340,0110,342,190
341,1001,190,342
342,100210,341,338,340
343,012001,345,339,344
344,1001,343,185
345,0110,185,343
350,3222,900111,351
351,2222,350,352
352,2222,351,353
353,223222,352,900072,390
354,2222,900075,356
356,32323232,354,402,357,394
357,2222,356,358
358,32323232,357,384,900099,383
360,2222,361,322
361,2222,362,360
362,2222,363,361
363,2222,900117,362
364,222222,900117,365,366
365,2222,900183,364
366,222232,364,371,367
367,223310,366,368,7020
368,331022,367,7030,369
369,222222,368,370,372
370,2222,369,250
371,322222,900043,900192,366
372,2222,373,369
373,2222,374,372
374,2222,999,373
375,2222,376,999
376,322222,51,375,52
380,2222,3060,900213
381,2222,117,382
382,2222,381,383
383,32323232,382,394,358,395
384,2222,358,146
385,2222,386,900105
386,2222,900186,385
387,2222,88,900186
390,2222,353,391
391,2222,390,532
392,222320,531,393,7100
393,323222,392,394,403
394,322222,393,356,383
395,32323232,396,165,383,900243
396,2222,900090,395
400,2222,108,333
401,2222,402,108
402,2222,356,401
403,2222,124,393
450,2222,21,850
500,222122,269,503,502
501,33113311,171,504,170,503
502,222211,252,500,504
503,1111,501,500
504,1111,501,502
530,2222,109,537
531,322222,532,537,392
532,322222,531,533,391
533,2222,532,534
534,2222,900135,533
535,2222,900135,536
536,2222,535,125
537,32323232,531,900072,530,900075
571,2222,900249,124
600,33102201,174,645,100,646
601,2222,101,630
602,111001,603,646,645
603,33113311,900159,648,630,602
630,333222,603,633,601
631,021010,633,634,635
632,200101,633,637,636
633,232002,630,631,632
634,1001,1013,631
635,0110,631,1013
636,1001,632,1012
637,0110,1012,632
645,1001,602,600
646,0110,602,600
647,1001,648,75
648,111001,603,649,647
649,0110,648,75
700,32013201,106,743,235,742
701,2222,900147,702
702,22302202,115,744,701,740
740,200101,702,106,741
741,1001,740,106
742,1001,700,744
743,1001,700,744
744,201003,743,742,702
750,2222,5030,900234
751,2222,900234,752
752,2222,751,753
753,2222,752,754
754,2222,753,755
755,2222,756,754
756,22203202,757,760,755,761
757,2222,11114,756
758,1001,242,760
759,0110,760,242
760,021010,756,759,758
761,200101,756,763,762
762,1001,761,25
763,0110,25,761
780,2222,11114,900180
781,2222,900180,782
782,2222,781,783
783,2222,782,4020
800,23102201,9,804,95,803
801,1001,95,278
802,1001,278,804
803,0110,278,800
804,1001,802,800
840,2222,20160,841
841,2222,840,3050
842,2222,900237,843
843,2222,842,844
844,2222,843,845
845,2222,844,187
850,22012210,851,852,450,66
851,22102201,8,853,850,66
852,1001,850,66
853,1001,66,851
900,1001,61,62
905,33102201,3030,907,61,906
906,100111,905,907,62
907,0110,905,906
999,42323232,900177,374,241,375
1001,32113211,142,1303,1004,1304
1002,0110,138,1602
1003,223332,900009,900006,1080
1004,32334332,141,259,900006,1001
1005,3333,1007,1300
1007,33102201,1005,1055,1050,1056
1008,3233,1009,1050
1009,222310,1010,1008,7010
1010,231022,1011,7000,1009
1011,3332,900174,1010
1012,23103310,1013,637,900174,636
1013,32013201,900201,635,1012,634
1014,2223,1015,900201
1015,2222,1014,1017
1017,222003,1015,1205,1201
1050,33102201,1008,1052,1007,1051
1051,1001,1050,1053
1052,0110,1050,1053
1053,100111,1051,1052,900210
1054,121001,1100,1056,1055
1055,0110,1007,1054
1056,1001,1007,1054
1080,222002,1003,1601,1602
1100,22112221,283,900210,130,1054
1200,34202201,184,1201,276,1202
1201,023001,1200,1017,1203
1202,1001,1200,1205
1203,1001,1201,276
1205,100210,1202,1017,276
1300,33102201,1005,1302,78,1301
1301,1001,1300,1303
1302,0110,1300,1303
1303,100111,1301,1302,1001
1304,111001,1001,1305,1306
1305,0110,1304,78
1306,1001,1304,78
1600,22013310,138,1603,144,1602
1601,101002,138,1603,1080
1602,200101,1080,1002,1600
1603,1001,1600,1601
3000,22,150
3010,22,57
3020,22,121
3030,33,905
3040,23,26
3050,22,841
3060,22,380
4000,22,273
4010,22,159
4020,22,783
5000,22,69
5010,32,185
5020,32,175
5030,22,750
5040,22,330
6000,22,201
6010,22,96
6020,22,96
6030,22,197
6040,22,86
7000,01,1010
7010,01,1009
7020,01,367
7030,01,368
7040,01,54
7050,01,55
7060,23,130
7070,11,111
7080,11,241
7090,22,109
7100,02,392
7110,01,141
8489,2222,8709,20162
8515,2222,20159,162
8574,2333,900063,900060
8709,32324232,900150,8489,20001,9177
8713,32113201,8727,20012,900150,9170
8727,32323232,8777,900141,8713,9699
8777,32,8727
8813,2222,900171,11368
8827,222220,900171,11369,9361
8833,32423243,11369,20003,8878,20004
8878,32,8833
9161,11,9170
9170,212010220132,9161,8713,20008,11394,20007,9485
9177,01321132,900129,8709,20011,9178
9178,102332,11393,9177,11389
9179,2222,11394,11390
9361,01021020,9363,8827,9364,9524
9363,21111021,11349,11367,9361,9513
9364,01201002,9361,11369,9365,11370
9365,013223,9364,900087,11413
9485,323232,9629,9170,11389
9512,1111,9513,11348
9513,11110111,9512,9363,9524,11351
9524,100220,9513,9361,9846
9629,1422,9699,9485
9699,32324153,9851,8727,9629,20005
9743,34,9843
9745,2222,9747,11391
9747,2110220133,11403,11364,9745,11385,11387
9750,1311,900168,11351
9760,33,9883
9761,11,9867
9800,01333320,10274,11365,11379,20023
9814,33113310,9843,20032,9818,11374
9818,43423311,9814,11387,9821,11375
9821,334302,9818,900093,11376
9823,10,11377
9840,43313311,20051,900168,9846,11360
9843,42434343,9915,9743,9814,900132
9846,33023320,9840,9524,11370,11377
9851,2222,9699,188
9867,33113311,11370,9761,9883,20029
9883,43434343,9867,11413,9760,11414
9915,2322,9843,9983
9983,222211,10088,9915,20137
10088,32442243,11399,20005,9983,11395
10209,111110,20020,11396,10240
10240,014334,10209,11395,20156
10248,1111,10873,20015
10274,10110101,9800,20023,10276,10584
10276,1001,10274,10278
10278,10200102,10276,20025,11383,10583
10286,10020120,11383,20027,11371,10582
10298,10110111,11371,20029,10315,10581
10305,10,10315
10315,200133200133,10298,20029,11414,20031,10305,10580
10580,3333,10315,10886
10581,1111,10298,10896
10582,0220,10286,10893
10583,2002,10278,10894
10584,1001,10274,10890
10852,2332,20158,79
10859,32434342,20155,20156,10873,20126
10866,2222,20155,20161
10873,43114331,10859,10248,10884,900081
10884,43434243,10873,20033,20034,20127
10886,42424242,20157,10580,20158,900231
10890,22103301,20034,10584,10894,11101
10893,32022220,10894,10582,11373,20151
10894,33203302,10890,10583,10893,20150
10896,221122,11373,10581,20157
11100,11,20114
11101,10,10890
11102,10,20115
11114,32323232,900012,757,780,900013
11341,11,20104
11347,2222,900066,900078
11348,1111,11349,9512
11349,112111,11353,9363,11348
11351,1111,9513,9750
11353,1111,11349,20048
11356,111110,11359,11384,20039
11357,1001,11385,20039
11359,110111,11356,11386,11401
11360,10110111,11376,9840,11377,20052
11364,0110,9747,11386
11365,3333,9800,20033
11367,11,9363
11368,2222,8813,20001
11369,32113202,8827,20014,8833,9364
11370,33203310,9846,9364,9867,20028
11371,20010101,10286,20028,10298,11372
11372,1001,11371,11373
11373,221022,10893,11372,10896
11374,011010,9814,11375,11380
11375,01110111,11374,9818,11376,11381
11376,10200102,11375,9821,11360,11382
11377,10020120,11360,9846,9823,20147
11378,3333,900132,20154
11379,3333,900198,9800
11380,0110,11374,20023
11381,1111,11375,20024
11382,2002,11376,20025
11383,1001,10278,10286
11384,1111,11356,20048
11385,1001,9747,11357
11386,1001,11359,11364
11387,3334,9747,9818
11388,11,20032
11389,2222,9485,9178
11390,2222,9179,11391
11391,2222,9745,11390
11392,1001,900129,20008
11393,0110,9178,20007
11394,2222,9179,9170
11395,4434,10240,10088
11396,112111,20019,11399,10209
11399,2212,10088,11396
11401,1111,11359,900162
11402,1111,900162,11403
11403,111111,900228,11402,9747
11413,3233,9365,9883
11414,3442,9883,10315
20001,2422,8709,11368
20003,3223,900063,8833
20004,3433,8833,900087
20005,3543,9699,10088
20007,0110,11393,9170
20008,1001,11392,9170
20009,1211,900081,20103
20011,11,9177
20012,11,8713
20014,11,11369
20015,1111,20137,10248
20019,11,11396
20020,11,10209
20023,01011011,9800,11380,20024,10274
20024,011110,20023,11381,20025
20025,01201002,20024,11382,20026,10278
20026,011110,20025,20052,20027
20027,01021020,20026,20147,20028,10286
20028,01011010,20027,11370,20029,11371
20029,01111011,20028,9867,10315,10298
20031,01,10315
20032,111111,9814,11388,900228
20033,3334,11365,10884
20034,2322,10884,10890
20039,0110,11356,11357
20048,1111,11353,11384
20051,3434,900093,9840
20052,1111,11360,20026
20101,323223,20136,20103,20102
20102,11321122,20105,20101,20104,900066
20103,32112211,20101,20009,20106,20104
20104,11111111,20102,20103,20107,11341
20105,11,20102
20106,223211,20103,20108,20107
20107,1111,20104,20106
20108,2332,20106,20112
20112,32432221,20108,20128,20113,20114
20113,2222,20112,900084
20114,1111,20112,11100
20115,22202201,900084,20150,20121,11102
20121,220222,20115,20151,20122
20122,222211,20121,20123,20124
20123,32423232,20122,20134,20125,900012
20124,11,20122
20125,23,20123
20126,2432,10859,20135
20127,3433,10884,20128
20128,3334,20127,20112
20133,2322,900231,20134
20134,2224,20133,20123
20135,2322,20126,20136
20136,2223,20135,20101
20137,1111,9983,20015
20139,11,20154
20147,0220,11377,20027
20150,201102,10894,20152,20115
20151,022011,10893,20121,900069
20152,111111,20150,900069,20153
20153,11,20152
20154,333311,11378,900198,20139
20155,2223,10866,10859
20156,4334,10240,10859
20157,2322,10886,10896
20158,2332,10886,10852
20159,2223,8515,900141
20160,32323232,188,20161,900237,840
20161,2222,20160,10866
20162,32323232,162,900090,20163,8489
20163,32334243,20162,900057,20165,900060
20164,2332,900054,900057
20165,3224,900096,20163
20166,43323233,130,336,141,900096
900000,222211,227,222,900001
900001,1111,900000,900002
900002,11,900001
900003,222211,134,137,900004
900004,1111,900003,900005
900005,11,900004
900006,343311,1004,1003,900007
900007,1111,900006,900008
900008,11,900007
900009,222211,1003,142,900010
900010,1111,900009,900011
900011,11,900010
900012,232311,20123,11114,900014
900013,232211,11114,42,900014
900014,1111,900012,900013
900015,222211,187,238,900016
900016,1111,900015,900017
900017,11,900016
900018,222211,274,273,900019
900019,1111,900018,900020
900020,11,900019
900021,222211,168,260,900022
900022,1111,900021,900023
900023,11,900022
900024,222211,20,260,900025
900025,1111,900024,900026
900026,11,900025
900027,222211,204,205,900028
900028,1111,900027,900029
900029,11,900028
900030,222211,54,53,900032
900031,222211,53,56,900032
900032,1111,900030,900031
900033,222211,51,49,900034
900034,1111,900033,900035
900035,11,900034
900036,222311,49,48,900037
900037,1111,900036,900038
900038,11,900037
900039,433511,276,48,900040
900040,1111,900039,900041
900041,11,900040
900042,222211,38,243,900044
900043,222311,243,371,900044
900044,1111,900042,900043
900045,222211,247,246,900046
900046,1111,900045,900047
900047,11,900046
900048,222211,247,248,900049
900049,1111,900048,900050
900050,11,900049
900051,222311,249,250,900052
900052,1111,900051,900053
900053,11,900052
900054,322311,20164,129,900055
900055,1111,900054,900056
900056,11,900055
900057,332311,20163,20164,900058
900058,1111,900057,900059
900059,11,900058
900060,333411,8574,20163,900061
900061,1111,900060,900062
900062,11,900061
900063,233211,20003,8574,900064
900064,1111,900063,900065
900065,11,900064
900066,222211,20102,11347,900067
900067,1111,900066,900068
900068,11,900067
900069,111111,20151,20152,900070
900070,1111,900069,900071
900071,11,900070
900072,232311,353,537,900073
900073,1111,900072,900074
900074,11,900073
900075,222311,354,537,900076
900076,1111,900075,900077
900077,11,900076
900078,222211,11347,291,900079
900079,1111,900078,900080
900080,11,900079
900081,132111,10873,20009,900082
900082,1111,900081,900083
900083,11,900082
900084,222211,20113,20115,900085
900085,1111,900084,900086
900086,11,900085
900087,332311,20004,9365,900088
900088,1111,900087,900089
900089,11,900088
900090,222311,396,20162,900091
900091,1111,900090,900092
900092,11,900091
900093,433411,20051,9821,900094
900094,1111,900093,900095
900095,11,900094
900096,233311,20165,20166,900097
900097,1111,900096,900098
900098,11,900097
900099,232311,358,129,900100
900100,1111,900099,900101
900101,11,900100
900102,222211,327,326,900103
900103,1111,900102,900104
900104,11,900103
900105,222211,52,385,900106
900106,1111,900105,900107
900107,11,900106
900108,222211,320,310,900109
900109,1111,900108,900110
900110,11,900109
900111,332311,113,350,900112
900112,1111,900111,900113
900113,11,900112
900114,232211,113,310,900115
900115,1111,900114,900116
900116,11,900115
900117,222211,363,364,900118
900118,1111,900117,900119
900119,11,900118
900120,222211,56,206,900121
900121,1111,900120,900122
900122,11,900121
900123,222211,131,283,900124
900124,1111,900123,900125
900125,11,900124
900126,222211,236,235,900127
900127,1111,900126,900128
900128,11,900127
900129,011011,11392,9177,900130
900130,1111,900129,900131
900131,11,900130
900132,343311,9843,11378,900133
900133,1111,900132,900134
900134,11,900133
900135,222211,535,534,900136
900136,1111,900135,900137
900137,11,900136
900138,232211,190,81,900139
900139,1111,900138,900140
900140,11,900139
900141,322311,20159,8727,900142
900142,1111,900141,900143
900143,11,900142
900144,222211,156,159,900145
900145,1111,900144,900146
900146,11,900145
900147,222211,93,701,900148
900148,1111,900147,900149
900149,11,900148
900150,232311,8709,8713,900151
900151,1111,900150,900152
900152,11,900151
900153,222211,5,9,900154
900154,1111,900153,900155
900155,11,900154
900156,222211,163,282,900157
900157,1111,900156,900158
900158,11,900157
900159,333311,153,603,900160
900160,1111,900159,900161
900161,11,900160
900162,111111,11401,11402,900163
900163,1111,900162,900164
900164,11,900163
900165,322311,241,151,900166
900166,1111,900165,900167
900167,11,900166
900168,133111,9840,9750,900169
900169,1111,900168,900170
900170,11,900169
900171,222211,8827,8813,900172
900172,1111,900171,900173
900173,11,900172
900174,333311,1012,1011,900175
900175,1111,900174,900176
900176,11,900175
900177,243311,999,111,900178
900178,1111,900177,900179
900179,11,900178
900180,222211,780,781,900181
900181,1111,900180,900182
900182,11,900181
900183,222211,39,365,900184
900184,1111,900183,900185
900185,11,900184
900186,222211,387,386,900187
900187,1111,900186,900188
900188,11,900187
900189,222211,74,192,900190
900190,1111,900189,900191
900191,11,900190
900192,222211,245,371,900193
900193,1111,900192,900194
900194,11,900193
900195,222211,80,68,900196
900196,1111,900195,900197
900197,11,900196
900198,333311,20154,11379,900199
900199,1111,900198,900200
900200,11,900199
900201,322311,1014,1013,900202
900202,1111,900201,900203
900203,11,900202
900204,222211,7,265,900205
900205,1111,900204,900206
900206,11,900205
900207,222211,268,269,900208
900208,1111,900207,900209
900209,11,900208
900210,111111,1053,1100,900211
900211,1111,900210,900212
900212,11,900211
900213,232211,117,380,900214
900214,1111,900213,900215
900215,11,900214
900216,333311,279,170,900217
900217,1111,900216,900218
900218,11,900217
900219,322311,300,96,900220
900220,1111,900219,900221
900221,11,900220
900222,222211,10,21,900223
900223,1111,900222,900224
900224,11,900223
900225,222211,76,73,900226
900226,1111,900225,900227
900227,11,900226
900228,111111,20032,11403,900229
900229,1111,900228,900230
900230,11,900229
900231,243211,10886,20133,900232
900232,1111,900231,900233
900233,11,900232
900234,222211,751,750,900235
900235,1111,900234,900236
900236,11,900235
900237,232211,20160,842,900238
900238,1111,900237,900239
900239,11,900238
900240,222211,314,315,900241
900241,1111,900240,900242
900242,11,900241
900243,232211,395,128,900244
900244,1111,900243,900245
900245,11,900244
900246,222211,18,173,900247
900247,1111,900246,900248
900248,11,900247
900249,222211,125,571,900250
900250,1111,900249,900251
900251,11,900250
900252,222211,202,201,900253
900253,1111,900252,900254
900254,11,900253
900255,222211,83,88,900256
900256,1111,900255,900257
900257,11,900256
