900000
900003
900006
900009
900012
900013
900015
900018
900021
900024
900027
900030
900031
900033
900036
900039
900042
900043
900045
900048
900051
900054
900057
900060
900063
900066
900069
900072
900075
900078
900081
900084
900087
900090
900093
900096
900099
900102
900105
900108
900111
900114
900117
900120
900123
900126
900129
900132
900135
900138
900141
900144
900147
900150
900153
900156
900159
900162
900165
900168
900171
900174
900177
900180
900183
900186
900189
900192
900195
900198
900201
900204
900207
900210
900213
900216
900219
900222
900225
900228
900231
900234
900237
900240
900243
900246
900249
900252
900255
