711
000000
4505,-7398,0
4
4501.34,-7405.12,0
4512.29,-7392.82,0
4509.3,-7390.16,0
4498.36,-7402.46,0
000005
-3469,4544,0
4
-3477.74,4544.73,0
-3462.23,4539.7,0
-3461,4543.51,0
-3476.51,4548.54,0
000007
-2849,6977,0
4
-2857.84,6976.65,0
-2841.76,6973.58,0
-2841.01,6977.51,0
-2857.09,6980.58,0
000008
-2872,7874,0
4
-2880,7873.8,0
-2863.9,7870.07,0
-2863,7873.97,0
-2879.1,7877.69,0
000009
-3834,3887,0
4
-3824.82,3887.06,0
-3837.11,3897.88,0
-3843.14,3892.38,0
-3828.16,3879.19,0
000010
336,9273,0
4
330.39,9279.6,0
337.751,9265.16,0
341.315,9266.98,0
333.954,9281.42,0
000014
3174,11049,0
4
3182.36,11040.9,0
3168.87,11059.5,0
3153.07,11043.8,0
3162.46,11030.8,0
000017
-11853,1018,0
4
-11848.3,1010.25,0
-11853.6,1025.98,0
-11857.4,1024.7,0
-11852,1008.97,0
000018
-10569,1089,0
4
-10574.6,1096.7,0
-10567.7,1081.06,0
-10564,1082.66,0
-10570.9,1098.31,0
000020
897,9684,0
4
903.567,9679.18,0
893.375,9691.54,0
890.288,9689,0
900.48,9676.63,0
000021
-278,9076,0
4
-274.82,9068.62,0
-277.324,9084.62,0
-281.276,9084,0
-278.772,9068,0
000025
10945,4462,0
8
10948.7,4452.97,0
10941.8,4471.23,0
10938.3,4471.88,0
10932.9,4469.4,0
10932.2,4466.75,0
10939.1,4448.46,0
10940.7,4447.01,0
10946.5,4449.67,0
000026
4621,11103,0
6
4629.78,11098.4,0
4620.8,11118.6,0
4598.99,11116.2,0
4609.59,11092.3,0
4611.35,11087.2,0
4628.19,11094.6,0
000038
-12551,-4464,0
4
-12541.6,-4464.29,0
-12558.1,-4460.17,0
-12559,-4464.05,0
-12542.6,-4468.17,0
000039
-12362,-4175,0
6
-12371.7,-4175.28,0
-12363.5,-4191.97,0
-12360.2,-4190.44,0
-12345.6,-4183.24,0
-12356.5,-4164.43,0
-12371.2,-4171.63,0
000040
-4093,2784,0
4
-4096.9,2776.28,0
-4086.45,2788.65,0
-4089.5,2791.24,0
-4099.96,2778.87,0
000041
-3715,2347,0
4
-3709.52,2352.89,0
-3723.12,2344.16,0
-3720.96,2340.8,0
-3707.36,2349.53,0
000042
8263,7064,0
4
8255.27,7066.28,0
8269.13,7058.01,0
8271.18,7061.45,0
8257.32,7069.72,0
000045
-12382,-3239,0
4
-12390.1,-3238.95,0
-12375.2,-3248.09,0
-12371.1,-3243.32,0
-12389.3,-3232.19,0
000048
-10485,-1920,0
8
-10451.1,-1909.13,0
-10485.6,-1908.68,0
-10483.1,-1905.01,0
-10526.9,-1934.86,0
-10521.2,-1931.16,0
-10481.6,-1931.67,0
-10481.4,-1931.58,0
-10448.6,-1909.31,0
000049
-9165,-1040,0
4
-9171.22,-1034.53,0
-9162.11,-1047.69,0
-9158.82,-1045.41,0
-9167.93,-1032.25,0
000051
-8121,-290,0
4
-8127.36,-284.719,0
-8117.89,-297.615,0
-8114.66,-295.248,0
-8124.14,-282.351,0
000052
-6775,832,0
6
-6760.88,831.116,0
-6773.95,845.607,0
-6776.84,845.79,0
-6788.72,835.075,0
-6794.73,824.029,0
-6784,812.139,0
000053
-6603,9101,0
8
-6611.28,9086.84,0
-6595.16,9093.14,0
-6593.24,9096.07,0
-6595.31,9112.36,0
-6598.16,9113.41,0
-6613.14,9107.56,0
-6615.19,9104.62,0
-6613.1,9088.17,0
000054
-6621,8359,0
6
-6611,8369,0
-6641,8369,0
-6641,8347,0
-6611,8343,0
-6604,8351,0
-6608,8360,0
000055
-6314,7135,0
6
-6300.66,7129.08,0
-6329.37,7149,0
-6331.05,7135.85,0
-6324.19,7131.09,0
-6309.37,7110.19,0
-6299.2,7124.84,0
000056
-7418,8775,0
4
-7414.62,8767.74,0
-7417.6,8783.77,0
-7421.53,8783.04,0
-7418.55,8767.01,0
000057
-8684,11468,0
4
-8687.88,11460.9,0
-8676.85,11472.7,0
-8679.77,11475.4,0
-8690.8,11463.7,0
000061
3549,11323,0
8
3545.73,11334.8,0
3552.27,11311.2,0
3558.59,11313.6,0
3563,11317.3,0
3565.81,11328.1,0
3560.96,11345.7,0
3563.16,11345.4,0
3552.62,11336.5,0
000062
3795,11165,0
8
3795,11150,0
3805,11165,0
3795,11175,0
3787,11176,0
3786,11177,0
3783,11170,0
3783,11165,0
3785,11157,0
000063
-3310,9857,0
4
-3311.22,9845.83,0
-3301.15,9858.8,0
-3305.73,9865.77,0
-3318,9849.96,0
000066
-2531,8900,0
10
-2524.8,8905.05,0
-2537.2,8894.95,0
-2528.11,8880.5,0
-2522.83,8882.05,0
-2522,8881.93,0
-2517.46,8885.03,0
-2518.31,8884.3,0
-2514.54,8888.31,0
-2520.68,8895.72,0
-2519.89,8901.16,0
000068
-3762,-2842,0
4
-3770.53,-2842.23,0
-3754.77,-2845.59,0
-3753.94,-2841.67,0
-3769.69,-2838.31,0
000069
5050,-7689,0
4
5051.24,-7680.59,0
5045.21,-7695.51,0
5048.92,-7697.01,0
5054.95,-7682.09,0
000073
-3850,-1489,0
4
-3840.98,-1487.27,0
-3857.69,-1486.77,0
-3857.81,-1490.77,0
-3841.1,-1491.27,0
000074
-3923,-3316,0
4
-3914.18,-3314.89,0
-3930.5,-3313.22,0
-3930.91,-3317.2,0
-3914.58,-3318.87,0
000075
-3018,5,0
8
-3036.67,-2.16296,0
-3012.67,-7.67975,0
-3001.82,15.6627,0
-3004.24,20.862,0
-3011.51,16.2603,0
-3026.67,9.1885,0
-3035.83,5.12273,0
-3037.16,-0.635228,0
000076
-3679,-978,0
4
-3667.46,-981.451,0
-3688.29,-971.2,0
-3691.06,-988.834,0
-3676.58,-995.965,0
000078
6392,3567,0
8
6392.2,3555.08,0
6399.19,3577.04,0
6397.68,3579.47,0
6392.31,3580.67,0
6389.05,3575.71,0
6384.16,3560.35,0
6384.05,3554.92,0
6389.5,3553.7,0
000079
6869,5592,0
4
6859.29,5590.33,0
6878.81,5589.66,0
6878.94,5593.66,0
6859.42,5594.33,0
000080
-3691,-2079,0
4
-3699.29,-2081.72,0
-3683.09,-2080.33,0
-3683.43,-2076.35,0
-3699.63,-2077.73,0
000081
-4084,-5311,0
4
-4091.96,-5311.91,0
-4075.8,-5314.16,0
-4075.25,-5310.19,0
-4091.41,-5307.95,0
000082
-11462,4820,0
4
-11449.8,4818.49,0
-11469.8,4824.4,0
-11471,4820.56,0
-11450.9,4814.65,0
000083
-10752,5290,0
4
-10756.1,5296.88,0
-10751.4,5280.81,0
-10747.5,5281.94,0
-10752.3,5298,0
000084
-12572,3761,0
4
-12576.4,3768.69,0
-12571.7,3753,0
-12567.9,3754.13,0
-12572.5,3769.82,0
000085
-12935,3733,0
4
-12930.5,3725.32,0
-12935.4,3741,0
-12939.2,3739.82,0
-12934.4,3724.14,0
000086
-14310,2945,0
4
-14304.4,2938.98,0
-14312.1,2953.01,0
-14315.6,2951.08,0
-14307.9,2937.06,0
000088
-10205,5283,0
6
-10215.4,5291.13,0
-10217.1,5275.15,0
-10213.3,5271.35,0
-10197.3,5269.62,0
-10193.5,5290.97,0
-10213,5293.08,0
000089
-10093,5860,0
4
-10101.5,5858.24,0
-10085.3,5857.78,0
-10085.2,5861.78,0
-10101.4,5862.24,0
000091
-10401,8124,0
4
-10390.8,8122.39,0
-10407.8,8128.64,0
-10409.2,8124.88,0
-10392.2,8118.63,0
000093
-5233,9606,0
6
-5255.26,9606.32,0
-5248.27,9591.85,0
-5222.94,9602.76,0
-5229.93,9617.24,0
-5238.21,9616.29,0
-5258.56,9606.46,0
000094
-6762,9670,0
4
-6771.4,9673.92,0
-6750.94,9660.14,0
-6748.7,9663.45,0
-6769.17,9677.24,0
000095
-4850,3335,0
8
-4840.72,3323.71,0
-4834.45,3325.66,0
-4830.8,3333,0
-4831.27,3349.72,0
-4829.31,3350.5,0
-4841.41,3346.75,0
-4850.33,3346.86,0
-4849.67,3323.14,0
000096
-13130,-2388,0
6
-13133.5,-2374.63,0
-13144.6,-2386.2,0
-13143.2,-2390.03,0
-13131.6,-2401.12,0
-13116.6,-2387.98,0
-13130.6,-2374.46,0
000097
-13158,-3791,0
4
-13148.9,-3799.18,0
-13161.9,-3782.92,0
-13165,-3785.41,0
-13152.1,-3801.67,0
000099
-12460,-3805,0
6
-12465.7,-3814.85,0
-12449.4,-3813.85,0
-12448.6,-3793.59,0
-12468.4,-3794.8,0
-12470.7,-3796.78,0
-12469.7,-3812.81,0
000100
-3077,423,0
4
-3084.7,420.318,0
-3068.74,421.716,0
-3069.09,425.7,0
-3085.05,424.303,0
000101
-2117,1373,0
4
-2110.25,1367.92,0
-2120.43,1380.34,0
-2123.52,1377.81,0
-2113.35,1365.38,0
000106
-3987,10170,0
8
-3985.54,10158.6,0
-3968.83,10172.3,0
-3968.59,10174.1,0
-3974.04,10177.9,0
-3980.53,10177.3,0
-3995.65,10164.9,0
-3995.31,10161.9,0
-3990.8,10158.7,0
000108
968,2541,0
8
976.419,2533.83,0
979.85,2556.12,0
973.639,2556.27,0
954.342,2552.75,0
950.901,2550.98,0
947.906,2531.52,0
946.071,2525.95,0
972.904,2530.84,0
000109
-290,2308,0
8
-302.567,2310.33,0
-297.354,2289.41,0
-295.314,2288.62,0
-278.627,2302.51,0
-277.57,2305.76,0
-282.83,2326.87,0
-284.897,2327.47,0
-301.5,2313.65,0
000110
-726,1952,0
4
-720.129,1944.21,0
-728.677,1962.4,0
-735.171,1958.35,0
-728.158,1943.42,0
000111
-9235,-1948,0
6
-9242.07,-1936.34,0
-9241.74,-1959.35,0
-9239.78,-1961.43,0
-9230.77,-1961.3,0
-9228.73,-1959.19,0
-9229.07,-1936.18,0
000113
-6148,1358,0
8
-6150.07,1374.83,0
-6164.48,1361.68,0
-6165.29,1356.22,0
-6156.76,1337.93,0
-6154.54,1334.09,0
-6137.06,1350.05,0
-6135.94,1353.77,0
-6146.26,1375.92,0
000115
-3295,10456,0
6
-3290.61,10465.1,0
-3308.07,10464.2,0
-3308.58,10460.7,0
-3307.74,10444.4,0
-3286.86,10446.7,0
-3287.69,10463,0
000116
2793,8672,0
8
2780.03,8685.11,0
2782.53,8667.24,0
2785.42,8664.3,0
2801.67,8660.39,0
2803.79,8662.51,0
2801.49,8678.95,0
2798.89,8682.25,0
2781.55,8686.43,0
000117
1984,8960,0
8
1991.48,8946.99,0
1992.66,8967.27,0
1989.4,8970.39,0
1962.64,8978.51,0
1965.19,8974.81,0
1964.03,8954.99,0
1966.56,8952.38,0
1986.26,8946.4,0
000121
-3874,11607,0
4
-3881.02,11603.2,0
-3865.14,11607.2,0
-3866.12,11611.1,0
-3882,11607,0
000122
1101,9183,0
4
1104.41,9173.89,0
1101.8,9191.05,0
1097.84,9190.45,0
1100.45,9173.29,0
000123
397,8752,0
4
405.034,8747.54,0
392.532,8758.64,0
389.875,8755.65,0
402.378,8744.55,0
000124
-702,8210,0
6
-688.248,8204.5,0
-681.268,8222.13,0
-703.376,8225.53,0
-710.356,8207.9,0
-708.148,8204.15,0
-686.853,8195.72,0
000125
-2190,9758,0
6
-2190.66,9771.21,0
-2202.63,9755.81,0
-2202.07,9752.78,0
-2189.28,9742.85,0
-2178.74,9739.91,0
-2168.92,9752.56,0
000127
-2973,10407,0
4
-2971.65,10414.9,0
-2978.45,10399.7,0
-2974.8,10398.1,0
-2968.01,10413.3,0
000128
2931,6211,0
4
2923.62,6207.76,0
2939.53,6210.38,0
2938.88,6214.32,0
2922.97,6211.7,0
000129
3078,5714,0
8
3084.64,5725.93,0
3065,5723.58,0
3063.56,5720.94,0
3066.66,5701.67,0
3068.68,5700.07,0
3088.11,5702.4,0
3090.34,5704.65,0
3087.23,5724.06,0
000130
3428,3383,0
8
3416.42,3389.9,0
3416.5,3369.68,0
3418.6,3364.48,0
3437.99,3370.29,0
3439.97,3372.93,0
3439.86,3400.73,0
3437.96,3402.13,0
3418.4,3396.26,0
000131
3106,4808,0
4
3113.9,4811.46,0
3097.98,4808.58,0
3098.69,4804.65,0
3114.61,4807.52,0
000132
4669,9025,0
4
4667.37,9016.67,0
4675.36,9034.04,0
4671.73,9035.71,0
4663.73,9018.34,0
000134
3515,-842,0
4
3523.76,-843.392,0
3508.57,-837.236,0
3507.07,-840.943,0
3522.26,-847.1,0
000135
5031,2353,0
4
5023.01,2353.71,0
5038.89,2348.07,0
5040.23,2351.84,0
5024.35,2357.48,0
000136
5010,1388,0
4
5017.99,1387.63,0
5002.1,1392.53,0
5000.92,1388.71,0
5016.81,1383.8,0
000137
4250,220,0
4
4257.73,217.216,0
4244.45,226.138,0
4242.22,222.817,0
4255.5,213.895,0
000138
7985,3161,0
8
7985.13,3172.83,0
7984.12,3149.36,0
7987.07,3146.82,0
7992.82,3147.06,0
7994.41,3155.81,0
7995.15,3173.01,0
7994.18,3174.63,0
7988.03,3174.36,0
000141
5017,3835,0
6
5022.03,3826.27,0
5021.04,3842.54,0
5011.4,3843.62,0
5012.61,3823.8,0
5014.64,3822.31,0
5020.13,3822.64,0
000142
6890,4707,0
6
6897.88,4712.19,0
6881.74,4717.67,0
6872.75,4698.34,0
6888.88,4692.86,0
6893.28,4690.99,0
6899.24,4708.55,0
000144
8689,3421,0
4
8711.01,3420.06,0
8703.58,3438.1,0
8682.75,3430.92,0
8691.52,3409.65,0
000146
2352,3084,0
8
2338.14,3089.03,0
2338.26,3068.14,0
2339.7,3065.47,0
2360.29,3072.35,0
2362.46,3074.97,0
2362.32,3098.8,0
2359.53,3100.02,0
2340.74,3093.74,0
000147
4126,-6852,0
4
4118.13,-6854.69,0
4136.5,-6853.09,0
4136.15,-6849.11,0
4117.78,-6850.71,0
000150
-10198,11063,0
4
-10190.2,11065.1,0
-10206.3,11064.9,0
-10206.3,11060.9,0
-10190.2,11061.1,0
000151
-5716,-1252,0
8
-5732.44,-1248.08,0
-5721.8,-1264.83,0
-5718.85,-1265.76,0
-5701.12,-1257.33,0
-5700.51,-1254.56,0
-5710.98,-1238.07,0
-5713.89,-1237.21,0
-5731.64,-1245.64,0
000153
-4382,-512,0
8
-4401.38,-511.598,0
-4383.87,-524.185,0
-4379.11,-524.889,0
-4360.41,-513.122,0
-4360.64,-510.945,0
-4380.38,-496.752,0
-4384.1,-497.086,0
-4401.28,-507.901,0
000154
0,2554,0
4
5.02503,2545.93,0
-0.753912,2562.01,0
-4.51817,2560.66,0
1.26077,2544.58,0
000156
11894,4885,0
4
11890.1,4893.93,0
11894.2,4874.4,0
11902,4876.95,0
11898.6,4892.97,0
000159
12934,4878,0
4
12932.2,4886.01,0
12931.8,4870.01,0
12935.8,4869.9,0
12936.2,4885.89,0
000161
3601,8969,0
4
3605.31,8960.42,0
3600.96,8977.06,0
3597.09,8976.05,0
3601.44,8959.41,0
000162
4516,7796,0
6
4524.1,7805.89,0
4508.09,7804.75,0
4509.64,7784.73,0
4525.65,7785.88,0
4527.35,7787.83,0
4526.21,7803.85,0
000163
4310,8883,0
4
4312.94,8890.7,0
4302.56,8875.84,0
4305.84,8873.55,0
4316.22,8888.41,0
000165
2868,7342,0
4
2875.87,7344.51,0
2859.9,7343.48,0
2860.16,7339.49,0
2876.13,7340.52,0
000166
4376,-6311,0
4
4365.88,-6313.82,0
4384.19,-6312.34,0
4383.87,-6308.36,0
4365.56,-6309.84,0
000168
2423,10509,0
4
2428.18,10502.9,0
2421.12,10517.5,0
2417.51,10515.8,0
2424.58,10501.1,0
000170
-6201,3224,0
4
-6201.35,3212.41,0
-6196.69,3234.96,0
-6200.61,3235.77,0
-6205.27,3213.22,0
000171
-7228,3294,0
4
-7242.73,3296.73,0
-7239.04,3280.98,0
-7223.33,3282.84,0
-7228.64,3305.49,0
000173
-9046,2568,0
4
-9051.9,2573.42,0
-9043.03,2559.74,0
-9039.67,2561.91,0
-9048.54,2575.6,0
000174
-3337,1518,0
4
-3337.82,1539.09,0
-3352.77,1533.31,0
-3347.13,1511.94,0
-3325.64,1520.25,0
000175
-6502,-8280,0
4
-6511.78,-8282.35,0
-6492.27,-8281.65,0
-6492.41,-8277.66,0
-6511.92,-8278.35,0
000184
-12086,-1708,0
4
-12098.9,-1697.26,0
-12103,-1716.5,0
-12086.9,-1721.77,0
-12081.3,-1695.61,0
000185
-3800,-6942,0
8
-3791.82,-6935.36,0
-3809.7,-6943.61,0
-3812.11,-6947.73,0
-3811.08,-6953.85,0
-3809.26,-6954.62,0
-3790.09,-6945.78,0
-3788.33,-6942.26,0
-3789.24,-6936.83,0
000187
9764,8290,0
6
9780.5,8282.49,0
9774.73,8298.33,0
9772.9,8302.09,0
9756.42,8296.09,0
9754.62,8292.78,0
9760.4,8276.95,0
000188
6498,9198,0
6
6488.32,9207.33,0
6488,9187.79,0
6490,9185.88,0
6506,9185.62,0
6508,9189.2,0
6508.26,9205.23,0
000189
5540,9155,0
4
5537.25,9162.68,0
5538.79,9146.73,0
5542.77,9147.12,0
5541.23,9163.06,0
000190
-4033,-6172,0
8
-4023.52,-6167.15,0
-4043.06,-6166.99,0
-4045.43,-6168.88,0
-4044.45,-6174.42,0
-4041.84,-6176.45,0
-4021.42,-6176.61,0
-4020.03,-6174.59,0
-4021.01,-6169.1,0
000192
-3783,-4446,0
4
-3791.84,-4447.07,0
-3775.51,-4448.81,0
-3775.08,-4444.83,0
-3791.42,-4443.09,0
000196
-12865,328,0
4
-12872.1,331.713,0
-12859.9,320.672,0
-12857.2,323.639,0
-12869.4,334.68,0
000197
-13374,-608,0
4
-13366.8,-611.477,0
-13379.3,-600.935,0
-13381.8,-603.991,0
-13369.4,-614.533,0
000201
-14478,-5115,0
4
-14482.8,-5107.95,0
-14477.1,-5123.01,0
-14473.3,-5121.58,0
-14479.1,-5106.52,0
000202
-13305,-4489,0
4
-13297.5,-4492.14,0
-13311.6,-4481.54,0
-13314,-4484.74,0
-13299.9,-4495.34,0
000204
-9793,8669,0
6
-9806.95,8667.24,0
-9801.34,8650.79,0
-9782.13,8660.18,0
-9787.74,8676.63,0
-9791.46,8678.05,0
-9809.35,8671.96,0
000205
-8928,8606,0
4
-8931.09,8614.24,0
-8928.98,8598.05,0
-8925.02,8598.57,0
-8927.12,8614.76,0
000206
-8400,8787,0
4
-8396.68,8778.96,0
-8399.26,8794.99,0
-8403.21,8794.36,0
-8400.63,8778.33,0
000207
-7246,10428,0
4
-7246.42,10420,0
-7241.36,10436.1,0
-7245.18,10437.3,0
-7250.24,10421.2,0
000209
-10331,9834,0
4
-10322.9,9834.91,0
-10338.7,9837.07,0
-10339.3,9833.1,0
-10323.4,9830.95,0
000222
3217,-3076,0
4
3208.88,-3077.26,0
3224.81,-3078.73,0
3225.18,-3074.75,0
3209.25,-3073.27,0
000225
3631,-5208,0
6
3630.06,-5220.91,0
3643.07,-5211.58,0
3631.42,-5195.33,0
3618.41,-5204.65,0
3617.99,-5207.4,0
3627.31,-5220.4,0
000226
3106,-4517,0
4
3114.37,-4512.45,0
3097.95,-4517.28,0
3099.08,-4521.12,0
3115.5,-4516.29,0
000227
3355,-1802,0
6
3344.92,-1820.79,0
3360.78,-1822.97,0
3366.21,-1794.07,0
3346.88,-1791.42,0
3344.56,-1793.25,0
3342.37,-1809.14,0
000231
-11301,4452,0
4
-11291.8,4450.97,0
-11312.4,4458.01,0
-11313.7,4454.22,0
-11293.1,4447.18,0
000232
2502,9963,0
4
2494.64,9959.29,0
2510.24,9962.81,0
2509.36,9966.71,0
2493.76,9963.19,0
000235
-4996,10959,0
4
-4999.14,10966.4,0
-5000.56,10947.7,0
-4994.97,10946.3,0
-4993.23,10969,0
000236
-6003,10449,0
4
-6007.03,10456.9,0
-6003.08,10441,0
-5999.2,10442,0
-6003.14,10457.9,0
000238
10697,8319,0
4
10693.2,8326.88,0
10696.8,8310.99,0
10700.7,8311.87,0
10697.1,8327.76,0
000241
-6682,-1639,0
6
-6670.37,-1644.84,0
-6675.94,-1626.07,0
-6677.85,-1624.82,0
-6686.79,-1627.47,0
-6688.81,-1630.41,0
-6683.24,-1649.19,0
000242
9434,3750,0
8
9440.89,3742.47,0
9428.89,3758.37,0
9424.71,3758.76,0
9418.63,3755.99,0
9418.83,3753.96,0
9430.89,3737.97,0
9434.52,3737.39,0
9439.59,3739.7,0
000243
-12437,-5754,0
6
-12443.7,-5770.84,0
-12424.3,-5768.2,0
-12422.8,-5766.83,0
-12425.2,-5749.31,0
-12429.6,-5745.98,0
-12445.5,-5748.15,0
000244
-12250,-6715,0
4
-12243.2,-6708.02,0
-12257.6,-6717.71,0
-12255.4,-6721.03,0
-12241,-6711.34,0
000245
-11631,-7120,0
6
-11634.5,-7108.13,0
-11639.2,-7124.19,0
-11613.9,-7129.53,0
-11608.2,-7109.95,0
-11605.7,-7110.54,0
-11624.7,-7105.01,0
000246
-9940,-7098,0
4
-9940.99,-7090.01,0
-9943.04,-7106.04,0
-9939.08,-7106.55,0
-9937.03,-7090.52,0
000247
-9525,-7212,0
4
-9525.42,-7203.59,0
-9528.45,-7219.35,0
-9524.52,-7220.1,0
-9521.49,-7204.34,0
000248
-8787,-7294,0
4
-8786.79,-7285.97,0
-8791.24,-7301.58,0
-8787.39,-7302.68,0
-8782.94,-7287.07,0
000249
-8204,-7572,0
4
-8203.92,-7563.18,0
-8207.77,-7579.07,0
-8203.88,-7580.01,0
-8200.03,-7564.12,0
000250
-6556,-7623,0
8
-6566.46,-7636.15,0
-6543.52,-7634.39,0
-6541.73,-7632.04,0
-6545.21,-7609.29,0
-6549.38,-7608.02,0
-6569.03,-7609.52,0
-6571.79,-7612.75,0
-6568.79,-7632.35,0
000252
-6045,2372,0
4
-6055.55,2374.97,0
-6038.51,2366.57,0
-6036.75,2370.16,0
-6053.78,2378.56,0
000253
-6704,1973,0
4
-6714.33,1972.49,0
-6689.46,1968.85,0
-6688.88,1972.8,0
-6713.75,1976.45,0
000254
8732,7657,0
4
8738.94,7651.35,0
8728.81,7664.34,0
8725.66,7661.88,0
8735.79,7648.89,0
000259
5739,3264,0
4
5720.39,3253.09,0
5733.07,3243.33,0
5747.94,3259.64,0
5732.49,3271.54,0
000260
1508,10249,0
4
1502.46,10254.8,0
1510.52,10240.4,0
1514.01,10242.4,0
1505.95,10256.7,0
000265
-3305,5906,0
4
-3313.05,5906.08,0
-3297.43,5901.91,0
-3296.4,5905.77,0
-3312.02,5909.95,0
000267
-5766,6149,0
4
-5758.31,6151.63,0
-5775.83,6150.21,0
-5775.51,6146.23,0
-5757.99,6147.64,0
000268
-6038,5395,0
4
-6029.64,5394.61,0
-6045,5399.16,0
-6046.14,5395.32,0
-6030.77,5390.77,0
000269
-6268,4410,0
4
-6259.44,4411.47,0
-6275.64,4412.48,0
-6275.89,4408.49,0
-6259.69,4407.48,0
000273
12909,9432,0
4
12914.9,9426.08,0
12906.6,9439.8,0
12903.2,9437.74,0
12911.5,9424.01,0
000274
12298,9017,0
4
12303.5,9011.09,0
12295.8,9025.16,0
12292.3,9023.23,0
12300,9009.16,0
000276
-11100,-1918,0
8
-11095.2,-1931.27,0
-11098.5,-1904.75,0
-11101,-1902.76,0
-11106.8,-1902.61,0
-11106.9,-1909.66,0
-11104.9,-1925.78,0
-11102.8,-1933.1,0
-11097.2,-1933.24,0
000278
-4442,2996,0
10
-4443.41,2987.5,0
-4435.11,3001.17,0
-4435.84,3004.89,0
-4441.01,3006.77,0
-4444.31,3013.98,0
-4449.59,3012.46,0
-4451.42,3013.86,0
-4455.89,3010.65,0
-4455.63,3010.9,0
-4459.14,3006.67,0
000279
-5584,3126,0
4
-5586.73,3138.08,0
-5585.32,3114.57,0
-5581.32,3114.8,0
-5582.74,3138.32,0
000280
4446,9381,0
4
4438.89,9377.29,0
4455.36,9381.13,0
4454.45,9385.02,0
4437.98,9381.18,0
000281
3134,8627,0
4
3129.73,8635.63,0
3134,8618.93,0
3137.88,8619.92,0
3133.6,8636.62,0
000282
4523,8466,0
4
4530.08,8469.72,0
4514.04,8465.95,0
4514.96,8462.05,0
4531,8465.83,0
000283
3406,3922,0
4
3413.23,3925.58,0
3397.47,3922.23,0
3398.31,3918.32,0
3414.06,3921.67,0
000285
230,8389,0
4
222.243,8395.66,0
233.34,8381.5,0
236.488,8383.96,0
225.391,8398.12,0
000286
-5745,9785,0
4
-5746.12,9792.92,0
-5747.95,9776.61,0
-5743.98,9776.17,0
-5742.15,9792.48,0
000287
-10094,8913,0
4
-10088.4,8919.91,0
-10101.3,8909.82,0
-10098.9,8906.67,0
-10085.9,8916.75,0
000288
-10380,9534,0
4
-10371.4,9537.19,0
-10388,9534.94,0
-10387.4,9530.98,0
-10370.8,9533.23,0
000291
9271,7900,0
6
9248.58,7898.67,0
9256.96,7884.89,0
9281.56,7898.15,0
9273.18,7911.93,0
9262.6,7909.5,0
9241.63,7896.75,0
000292
-1486,1803,0
4
-1490.84,1809.39,0
-1484.54,1794.32,0
-1480.85,1795.86,0
-1487.15,1810.93,0
000300
-12460,-1680,0
4
-12453.9,-1690.23,0
-12461.7,-1670.1,0
-12465.4,-1671.54,0
-12457.6,-1691.68,0
000310
-5983,156,0
6
-5976.29,165.994,0
-5991.91,162.105,0
-5993.43,159.04,0
-5989.38,142.787,0
-5969.83,147.247,0
-5973.87,163.5,0
000311
-5076,105,0
4
-5074.88,112.95,0
-5081.35,97.288,0
-5077.65,95.7619,0
-5071.18,111.424,0
000312
-2200,-1761,0
4
-2197.99,-1752.93,0
-2205.48,-1767.08,0
-2201.95,-1768.95,0
-2194.45,-1754.81,0
000313
-1840,-1937,0
4
-1849.46,-1923.47,0
-1836.66,-1947.54,0
-1833.13,-1945.66,0
-1845.93,-1921.59,0
000314
-1789,-1572,0
4
-1795.96,-1564.03,0
-1782.93,-1586.38,0
-1779.48,-1584.36,0
-1792.51,-1562.01,0
000315
-478,-2090,0
4
-474.267,-2082.87,0
-485.705,-2095.56,0
-482.734,-2098.24,0
-471.296,-2085.55,0
000316
-296,-2440,0
6
-297.615,-2419.55,0
-306.557,-2437.04,0
-311.531,-2454.5,0
-297.275,-2461.79,0
-278.337,-2428.47,0
-295.712,-2419.58,0
000317
194,-1568,0
6
179.971,-1573.06,0
199.382,-1578.32,0
202.386,-1576.68,0
206.647,-1560.97,0
202.167,-1558.55,0
186.24,-1554.23,0
000318
1697,-1686,0
4
1695.6,-1677.87,0
1694.41,-1693.82,0
1698.4,-1694.12,0
1699.59,-1678.16,0
000320
-6440,-120,0
4
-6449.62,-119.804,0
-6427.29,-125.026,0
-6426.38,-121.131,0
-6448.71,-115.909,0
000321
-5227,-2028,0
4
-5233.24,-2033.62,0
-5219.11,-2026.04,0
-5221,-2022.51,0
-5235.13,-2030.1,0
000322
-4628,-3359,0
6
-4623.09,-3368.12,0
-4619.47,-3352.52,0
-4623.45,-3349.62,0
-4643.04,-3345.08,0
-4644.15,-3346.39,0
-4647.76,-3361.99,0
000323
-2492,-3778,0
4
-2494.39,-3786.85,0
-2486.62,-3772.07,0
-2490.16,-3770.21,0
-2497.93,-3784.99,0
000324
-1582,-4668,0
6
-1568.41,-4669.19,0
-1581.38,-4654.63,0
-1584.33,-4654.53,0
-1596.31,-4665.2,0
-1602,-4675.61,0
-1591.36,-4687.56,0
000325
-1160,-4306,0
6
-1153.17,-4314.95,0
-1142.05,-4300.25,0
-1147.3,-4297.61,0
-1160.35,-4287.73,0
-1172.62,-4303.98,0
-1156.71,-4316.02,0
000326
-14,-4454,0
4
-14.0292,-4462.51,0
-10.1933,-4446.88,0
-14.0781,-4445.92,0
-17.914,-4461.56,0
000327
1752,-5104,0
4
1750.25,-5112.28,0
1757.19,-5097.79,0
1753.59,-5096.06,0
1746.64,-5110.55,0
000328
2847,-5762,0
4
2849.3,-5770.17,0
2848.6,-5751.08,0
2844.6,-5751.22,0
2845.31,-5770.32,0
000330
-3515,-6546,0
6
-3521.43,-6563.85,0
-3506.24,-6554.09,0
-3504.91,-6549.04,0
-3513.57,-6535.58,0
-3533.83,-6546.54,0
-3523.29,-6562.94,0
000331
-3083,-6269,0
4
-3090.31,-6264.19,0
-3079.11,-6276.01,0
-3076.21,-6273.26,0
-3087.41,-6261.44,0
000332
-2624,-5632,0
4
-2631.2,-5628.3,0
-2619.15,-5638.96,0
-2616.5,-5635.96,0
-2628.55,-5625.31,0
000333
225,200,0
6
215.101,191.6,0
234.584,190.444,0
236.617,192.54,0
237.57,208.603,0
234.097,210.421,0
218.112,211.369,0
000334
1301,2108,0
4
1294.07,2112.12,0
1306.22,2099.93,0
1309.05,2102.75,0
1296.9,2114.95,0
000335
2278,2527,0
6
2260.1,2528.03,0
2274.76,2516.91,0
2266.39,2510.23,0
2293.19,2545.57,0
2287.97,2541.27,0
2273.3,2552.39,0
000336
3856,3322,0
4
3849.14,3327.5,0
3859.22,3314.66,0
3862.36,3317.13,0
3852.29,3329.97,0
000337
479,212,0
4
471.289,219.645,0
482.003,204.133,0
485.294,206.406,0
474.58,221.918,0
000338
-4440,-7142,0
6
-4432.29,-7146.55,0
-4439.08,-7131.89,0
-4444.4,-7129.88,0
-4452.88,-7133.81,0
-4453.52,-7135.92,0
-4445.24,-7153.79,0
000339
-5176,-7366,0
6
-5187.07,-7356.36,0
-5181.6,-7378.74,0
-5179.49,-7380.37,0
-5170.62,-7378.2,0
-5156.69,-7370.32,0
-5161.33,-7351.34,0
000340
-3405,-6164,0
4
-3427.79,-6170.96,0
-3400.69,-6165.12,0
-3401.53,-6161.21,0
-3428.63,-6167.05,0
000341
-5225,-6137,0
4
-5214.86,-6140.05,0
-5226,-6134.22,0
-5227.85,-6137.76,0
-5216.72,-6143.59,0
000342
-4766,-6759,0
6
-4766.28,-6753.99,0
-4770.59,-6757.41,0
-4765.59,-6766.42,0
-4758.53,-6760.83,0
-4758,-6758.5,0
-4761.53,-6754.05,0
000343
-5161,-7576,0
6
-5152.58,-7575.65,0
-5154.96,-7570.67,0
-5156.97,-7569.26,0
-5165.7,-7573.42,0
-5159.71,-7580.98,0
-5154.37,-7578.44,0
000344
-4926,-7796,0
4
-4927.72,-7790.62,0
-4928.1,-7797.8,0
-4924.1,-7798.01,0
-4923.73,-7790.83,0
000345
-3229,-6817,0
4
-3215.37,-6811.2,0
-3281.71,-6831.35,0
-3280.79,-6834.39,0
-3214.44,-6814.24,0
000350
-5192,2307,0
4
-5200.97,2311.83,0
-5185.88,2299.34,0
-5179.61,2311.05,0
-5191.99,2321.3,0
000351
-4742,2973,0
4
-4748.87,2977.13,0
-4737.42,2965.49,0
-4734.57,2968.29,0
-4746.01,2979.93,0
000352
-3743,3624,0
4
-3749.08,3629.59,0
-3740.27,3616.23,0
-3736.93,3618.43,0
-3745.74,3631.79,0
000353
-2912,4179,0
6
-2926.45,4178.97,0
-2918.66,4164.93,0
-2894.2,4176.34,0
-2903.7,4193.45,0
-2905.75,4194.61,0
-2920.89,4186.21,0
000354
-437,5219,0
4
-440.884,5226.17,0
-436.939,5210.64,0
-433.062,5211.62,0
-437.007,5227.15,0
000356
623,5427,0
8
609.718,5434.33,0
611.163,5414.74,0
613.121,5413.12,0
632.636,5414.7,0
634.826,5416.87,0
633.384,5436.42,0
631.061,5438.47,0
611.569,5436.89,0
000357
1345,5404,0
4
1342.59,5412.08,0
1343.4,5396.05,0
1347.39,5396.25,0
1346.59,5412.28,0
000358
2037,5496,0
8
2025.02,5504.24,0
2026.14,5484.72,0
2028.33,5482.94,0
2047.62,5486.24,0
2049.5,5488.66,0
2048.37,5508.35,0
2046.34,5509.94,0
2026.93,5506.62,0
000360
-5072,-3240,0
4
-5072.73,-3231.95,0
-5075.28,-3247.83,0
-5071.33,-3248.46,0
-5068.78,-3232.58,0
000361
-6803,-3142,0
4
-6804.47,-3133.87,0
-6805.52,-3149.83,0
-6801.53,-3150.1,0
-6800.48,-3134.13,0
000362
-8107,-3044,0
4
-8112.13,-3037.51,0
-8104.62,-3054.12,0
-8100.98,-3052.48,0
-8108.48,-3035.87,0
000363
-9018,-4250,0
4
-9025.03,-4244.38,0
-9014.74,-4257.31,0
-9011.61,-4254.81,0
-9021.9,-4241.89,0
000364
-10707,-5007,0
6
-10694.4,-5010.1,0
-10696,-4993.31,0
-10716.3,-4996.67,0
-10714.6,-5013.46,0
-10711.7,-5015.74,0
-10694.8,-5014.07,0
000365
-11939,-4726,0
4
-11935.7,-4717.16,0
-11944.9,-4731.47,0
-11941.5,-4733.63,0
-11932.3,-4719.31,0
000366
-10038,-6426,0
6
-10034.1,-6415.51,0
-10053.9,-6410.99,0
-10053.4,-6416.1,0
-10057,-6431.78,0
-10035.7,-6437.09,0
-10031.3,-6417.97,0
000367
-9705,-6540,0
6
-9705,-6530,0
-9720,-6550,0
-9690,-6560,0
-9687,-6533,0
-9690,-6528,0
-9700,-6526,0
000368
-8391,-6899,0
6
-8381.47,-6889.68,0
-8406.82,-6906.6,0
-8395.64,-6913.6,0
-8389.58,-6909.55,0
-8366.58,-6905.78,0
-8376.92,-6890.28,0
000369
-7164,-6837,0
6
-7182.08,-6829.9,0
-7168.25,-6845.23,0
-7164.55,-6846.28,0
-7152.31,-6835.23,0
-7165.72,-6816.78,0
-7177.96,-6827.83,0
000370
-6656,-7179,0
4
-6650.68,-7172.94,0
-6664.89,-7182.66,0
-6662.63,-7185.96,0
-6648.42,-7176.24,0
000371
-10639,-6354,0
6
-10655,-6338.36,0
-10659.3,-6357.48,0
-10659,-6359.34,0
-10638.7,-6363.9,0
-10630.2,-6363.12,0
-10626.6,-6347.42,0
000372
-7768,-5705,0
4
-7761.8,-5699.53,0
-7776,-5706.9,0
-7774.16,-5710.45,0
-7759.96,-5703.08,0
000373
-8211,-4829,0
4
-8203.69,-4824.45,0
-8219.02,-4829.58,0
-8217.76,-4833.37,0
-8202.42,-4828.24,0
000374
-8534,-3029,0
4
-8524.59,-3028.54,0
-8541.34,-3025.75,0
-8542,-3029.69,0
-8525.25,-3032.49,0
000375
-7205,-654,0
4
-7197,-653.697,0
-7213.35,-650.134,0
-7214.2,-654.042,0
-7197.85,-657.605,0
000376
-7287,336,0
6
-7307.9,332.506,0
-7295.21,317.647,0
-7293.44,316.857,0
-7278.45,329.659,0
-7270.33,341.015,0
-7280.74,353.207,0
000380
818,11072,0
4
826.139,11076,0
810,11072.1,0
810.933,11068.2,0
827.072,11072.1,0
000381
1743,8623,0
4
1752.91,8623.1,0
1735.65,8626.47,0
1734.88,8622.55,0
1752.14,8619.18,0
000382
2008,7516,0
4
2015.53,7518.9,0
1999.53,7517.01,0
2000,7513.04,0
2016,7514.93,0
000383
2008,6482,0
8
2017.75,6497.49,0
1998.25,6493.21,0
1996.29,6490.48,0
1996.58,6470.88,0
1998.63,6468.77,0
2018.02,6473.02,0
2020,6475.69,0
2019.7,6496.12,0
000384
2086,4922,0
4
2093.78,4924.91,0
2077.88,4923.08,0
2078.34,4919.11,0
2094.24,4920.93,0
000385
-7421,1533,0
4
-7416.54,1539.92,0
-7428.22,1528.98,0
-7425.49,1526.06,0
-7413.8,1536.99,0
000386
-8382,2543,0
4
-8378.83,2550.39,0
-8388.71,2537.56,0
-8385.55,2535.12,0
-8375.66,2547.95,0
000387
-10247,3569,0
4
-10238.8,3576.01,0
-10255.1,3566.67,0
-10253.1,3563.21,0
-10236.8,3572.54,0
000390
-2964,4628,0
4
-2971.99,4627.48,0
-2955.52,4624.36,0
-2954.78,4628.29,0
-2971.25,4631.41,0
000391
-2488,5520,0
4
-2494.8,5524.25,0
-2483.19,5512.03,0
-2480.29,5514.78,0
-2491.9,5527.01,0
000392
-720,6208,0
6
-731.282,6212.48,0
-727.599,6196.81,0
-711.716,6199.18,0
-716.205,6218.28,0
-718.755,6219.96,0
-727.527,6217.9,0
000393
-184,6273,0
6
-195.979,6281.37,0
-194.293,6261.93,0
-174.266,6263.75,0
-175.952,6283.19,0
-178.364,6285.04,0
-194.422,6283.64,0
000394
484,6308,0
6
473.879,6317.23,0
475.497,6297.79,0
477.807,6295.92,0
493.795,6297.25,0
504.535,6302.29,0
503.207,6318.24,0
000395
2909,6779,0
8
2921.1,6769.86,0
2920.01,6789.33,0
2917.87,6791.48,0
2898.58,6787.87,0
2896.68,6785.21,0
2897.81,6765.04,0
2899.84,6763.68,0
2919.21,6767.31,0
000396
3855,6828,0
4
3858.57,6820.8,0
3855.22,6836.65,0
3851.3,6835.82,0
3854.65,6819.97,0
000400
373,1660,0
4
381.91,1658.9,0
366.398,1664.52,0
365.036,1660.76,0
380.548,1655.14,0
000401
667,3555,0
4
674.883,3558.32,0
658.969,3555.71,0
659.616,3551.76,0
675.531,3554.37,0
000402
618,4888,0
4
626.02,4890.11,0
610.017,4889.89,0
610.072,4885.89,0
626.075,4886.11,0
000403
-495,7747,0
4
-488.169,7751.32,0
-503.472,7746.35,0
-502.236,7742.55,0
-486.933,7747.52,0
000450
-1269,9076,0
4
-1266.09,9068,0
-1267.88,9084,0
-1271.86,9083.56,0
-1270.07,9067.56,0
000500
-6173,3505,0
6
-6165.9,3514.02,0
-6181.81,3512.27,0
-6183.58,3510.04,0
-6182.21,3497.62,0
-6179.99,3495.87,0
-6164.09,3497.62,0
000501
-6655,3340,0
8
-6658.33,3351.27,0
-6659.33,3328.12,0
-6656.55,3325,0
-6647.2,3324.2,0
-6645.64,3325.74,0
-6644.62,3349.22,0
-6646.59,3352.61,0
-6655.75,3353.39,0
000502
-6123,3074,0
6
-6130.42,3068.3,0
-6114.52,3070.1,0
-6116.19,3084.68,0
-6132.08,3082.88,0
-6133.79,3081.38,0
-6132.71,3071.82,0
000503
-6622,3452,0
4
-6626.15,3453.82,0
-6619.2,3445.58,0
-6616.14,3448.16,0
-6623.1,3456.4,0
000504
-6627,3202,0
4
-6623.62,3207.98,0
-6631.32,3200.65,0
-6628.56,3197.75,0
-6620.86,3205.08,0
000530
-655,3741,0
4
-662.245,3737.03,0
-646.767,3741.09,0
-647.781,3744.96,0
-663.259,3740.9,0
000531
-1368,5978,0
6
-1380.34,5984.11,0
-1373.95,5965.69,0
-1371.34,5964.46,0
-1356.21,5969.71,0
-1346.53,5977.13,0
-1351.77,5992.25,0
000532
-1887,5802,0
6
-1871.97,5796.8,0
-1879.26,5814.92,0
-1881.53,5816.24,0
-1896.66,5810.15,0
-1906.01,5801.92,0
-1900.02,5787.05,0
000533
-2211,7532,0
4
-2219.13,7531.95,0
-2202.06,7527.74,0
-2201.1,7531.62,0
-2218.17,7535.83,0
000534
-1902,7923,0
4
-1890.79,7929.94,0
-1921.52,7916.87,0
-1919.95,7913.19,0
-1889.23,7926.26,0
000535
-2178,7950,0
4
-2182.39,7942.39,0
-2168.58,7957.12,0
-2171.5,7959.85,0
-2185.31,7945.13,0
000536
-2409,9365,0
4
-2417,9364.37,0
-2400.31,9361.45,0
-2399.62,9365.39,0
-2416.31,9368.31,0
000537
-1005,5041,0
8
-999.927,5054.9,0
-1018.15,5047.95,0
-1019.37,5045.2,0
-1013.26,5026.56,0
-1010.91,5025.45,0
-992.596,5032.43,0
-991.233,5035.1,0
-997.299,5053.63,0
000571
-1416,9195,0
4
-1411.91,9201.91,0
-1423.37,9190.47,0
-1420.54,9187.64,0
-1409.08,9199.08,0
000600
-3088,742,0
8
-3077.09,745.65,0
-3100.35,742.834,0
-3101.63,740.214,0
-3100.67,734.726,0
-3095.74,734.397,0
-3079.8,736.328,0
-3073.43,737.915,0
-3074.41,743.526,0
000601
-2598,903,0
4
-2590.89,898.765,0
-2602.25,910.031,0
-2605.07,907.19,0
-2593.7,895.924,0
000602
-3565,305,0
6
-3567.19,300.485,0
-3558.21,303.602,0
-3557.83,306.352,0
-3559.68,311.699,0
-3562.3,312.133,0
-3567.79,310.228,0
000603
-3446,152,0
8
-3458.39,157.31,0
-3443.65,139.565,0
-3440.69,139.223,0
-3433.4,144.564,0
-3433.16,147.294,0
-3447.87,165.006,0
-3450.7,165.377,0
-3457.97,160.057,0
000630
-2983,502,0
6
-3000.46,503.218,0
-2985.13,485.972,0
-2982.27,485.629,0
-2967.68,498.595,0
-2963.82,510.428,0
-2974.48,522.426,0
000631
-2772,-59,0
6
-2768.02,-55.6779,0
-2777.56,-53.4891,0
-2779.16,-55.3977,0
-2780.4,-60.7907,0
-2778.27,-62.9465,0
-2772.44,-64.2841,0
000632
-2436,235,0
6
-2441.01,240.753,0
-2438.07,230.855,0
-2429.88,237.361,0
-2431.68,243.41,0
-2433.29,243.877,0
-2438.78,242.244,0
000633
-2841,327,0
6
-2831.84,331.191,0
-2850.16,322.809,0
-2842.95,312.346,0
-2834.5,316.215,0
-2823.53,318.417,0
-2828.25,328.718,0
000634
-3502,26,0
4
-3504.75,26.1235,0
-3499.44,19.9683,0
-3496.41,22.5806,0
-3501.72,28.7358,0
000635
-3072,-472,0
4
-3069.76,-473.591,0
-3070.86,-465.749,0
-3074.82,-466.306,0
-3073.72,-474.148,0
000636
-2439,942,0
4
-2441.75,942.14,0
-2436.22,935.674,0
-2433.18,938.273,0
-2438.71,944.739,0
000637
-2034,650,0
4
-2032.06,651.953,0
-2039.54,652.135,0
-2039.63,648.136,0
-2032.15,647.955,0
000645
-3567,577,0
4
-3569.75,576.493,0
-3564.22,572.581,0
-3561.91,575.846,0
-3567.44,579.758,0
000646
-2912,726,0
4
-2925.36,720.656,0
-2908.96,724.687,0
-2909.92,728.572,0
-2926.32,724.54,0
000647
-2869,137,0
4
-2867.24,139.994,0
-2884.21,132.309,0
-2882.56,128.665,0
-2865.59,136.351,0
000648
-3376,73,0
6
-3376.37,80.2058,0
-3382.32,73.3484,0
-3370.24,65.9004,0
-3366.6,70.091,0
-3365.24,71.5866,0
-3370.82,76.4261,0
000649
-3226,-26,0
4
-3227.15,-21.9452,0
-3228.42,-27.6955,0
-3224.52,-28.5595,0
-3223.25,-22.8091,0
000700
-4219,10403,0
8
-4222.54,10392.7,0
-4209.17,10407,0
-4209.24,10409.9,0
-4213.43,10413.4,0
-4216.42,10413.1,0
-4229.89,10398.8,0
-4229.67,10396.2,0
-4225.47,10392.6,0
000701
-4233,10215,-1
4
-4237.86,10221.4,-1
-4231.59,10206.5,-1
-4227.91,10208,-1
-4234.17,10223,-1
000702
-3847,10313,0
8
-3830.51,10309,0
-3844.03,10322,0
-3847.17,10323,0
-3860.56,10319.6,0
-3861.3,10317.6,0
-3847.75,10304.6,0
-3842.77,10304.1,0
-3831.7,10306.9,0
000740
-3769,10253,0
6
-3767.78,10257.7,0
-3782.23,10257.5,0
-3785.63,10249.6,0
-3785.53,10243.8,0
-3786.14,10242.4,0
-3777.31,10242.6,0
000741
-4111,9971,0
4
-4112.67,9966.06,0
-4090.2,9991.71,0
-4093.21,9994.35,0
-4115.67,9968.7,0
000742
-4380,10242,0
4
-4358.74,10259.4,0
-4384.85,10241,0
-4382.55,10237.8,0
-4356.44,10256.1,0
000743
-4097,10541,0
4
-4099.21,10542.6,0
-4098.33,10535.3,0
-4094.36,10535.8,0
-4095.24,10543.1,0
000744
-3954,10442,0
6
-3956.85,10449.4,0
-3962.99,10442.7,0
-3964.22,10440.2,0
-3959.84,10436.2,0
-3954.16,10432.4,0
-3945.63,10441.7,0
000750
8579,-4738,0
4
8570.99,-4738.49,0
8586.95,-4741.57,0
8587.7,-4737.65,0
8571.75,-4734.56,0
000751
9746,-1698,0
4
9738.57,-1695.04,0
9751.95,-1704.83,0
9754.31,-1701.6,0
9740.93,-1691.81,0
000752
11262,-488,0
4
11252.9,-485.037,0
11267.8,-493.642,0
11269.8,-490.18,0
11254.9,-481.575,0
000753
11488,987,0
4
11479.4,983.488,0
11496,986.344,0
11495.3,990.286,0
11478.7,987.43,0
000754
10796,2277,0
4
10790.2,2270.94,0
10803.7,2279.53,0
10801.6,2282.91,0
10788,2274.32,0
000755
9959,3406,0
4
9963.79,3412.59,0
9951.48,3402.34,0
9954.03,3399.27,0
9966.35,3409.52,0
000756
9294,4120,0
8
9295.72,4128.33,0
9276.78,4121.17,0
9276.65,4119.42,0
9285.04,4112.57,0
9288.31,4111.8,0
9308.02,4119.25,0
9308.36,4121.58,0
9300.58,4127.93,0
000757
7847,5007,0
4
7855.8,5013.51,0
7838.74,5005.2,0
7840.49,5001.61,0
7857.56,5009.91,0
000758
9538,3360,0
4
9542.03,3355.57,0
9526.41,3392.8,0
9522.72,3391.25,0
9538.34,3354.02,0
000759
8966,4030,0
4
8978.34,4030.14,0
8963.95,4032.34,0
8963.35,4028.38,0
8977.74,4026.18,0
000760
9120,4067,0
6
9126.98,4064.42,0
9124.61,4073.11,0
9099.83,4064.98,0
9101.28,4059.67,0
9120.58,4060.62,0
9126.08,4062.12,0
000761
10212,4537,0
6
10207.1,4539.7,0
10210.9,4531.58,0
10214.2,4531.01,0
10219.5,4533.54,0
10231.1,4543.5,0
10228.7,4548.46,0
000762
10634,4749,0
4
10632.3,4751.22,0
10631.4,4744.6,0
10635.3,4744.04,0
10636.3,4750.66,0
000763
10886,3880,0
4
10888.6,3878.63,0
10884.3,3890.53,0
10880.5,3889.16,0
10884.9,3877.27,0
000780
9032,6471,0
4
9036.18,6478.9,0
9022.64,6463.24,0
9025.67,6460.62,0
9039.21,6476.28,0
000781
9118,5971,0
4
9124.24,5981.93,0
9110.86,5965.33,0
9113.97,5962.82,0
9127.35,5979.42,0
000782
10239,6020,0
4
10235.3,6027.85,0
10238.6,6011.98,0
10242.5,6012.8,0
10239.2,6028.67,0
000783
12432,6867,0
4
12429,6874.4,0
12431.2,6858.12,0
12435.2,6858.67,0
12432.9,6874.95,0
000800
-4361,3499,0
8
-4352.73,3492.98,0
-4363.95,3508.94,0
-4366.97,3509.25,0
-4372.06,3506.61,0
-4371.93,3503.77,0
-4362.34,3490.11,0
-4358.32,3487.5,0
-4353.44,3490.03,0
000801
-4605,3563,0
4
-4606.39,3565.46,0
-4609.2,3555.33,0
-4605.35,3554.26,0
-4602.54,3564.39,0
000802
-4751,3427,0
4
-4753.24,3425.41,0
-4745.35,3423.84,0
-4744.57,3427.76,0
-4752.46,3429.33,0
000803
-4302,3381,0
4
-4305.73,3378.78,0
-4299.76,3379.13,0
-4299.98,3383.12,0
-4305.96,3382.78,0
000804
-4463,3606,0
4
-4464.74,3608.16,0
-4465.64,3601.12,0
-4461.67,3600.62,0
-4460.77,3607.65,0
000840
7234,9750,0
4
7226.21,9752.14,0
7241.22,9743.57,0
7243.2,9747.05,0
7228.2,9755.62,0
000841
8162,10477,0
4
8153.83,10480.8,0
8166.92,10470.7,0
8169.36,10473.9,0
8156.26,10483.9,0
000842
8006,9146,0
4
8000.51,9154.01,0
8007.16,9138,0
8010.85,9139.53,0
8004.2,9155.54,0
000843
8838,9984,0
4
8833.01,9990.33,0
8839.96,9974.62,0
8843.62,9976.24,0
8836.67,9991.95,0
000844
9774,10025,0
4
9778.4,10033.2,0
9764.13,10016.6,0
9767.17,10014,0
9781.43,10030.6,0
000845
9844,9389,0
4
9851.81,9391.14,0
9835.75,9390.85,0
9835.82,9386.85,0
9851.89,9387.15,0
000850
-2235,8857,0
8
-2249.95,8854.71,0
-2239.69,8842.43,0
-2238.29,8841.48,0
-2232.69,8844.29,0
-2230.51,8849.82,0
-2237.91,8864.54,0
-2251.96,8862.24,0
-2257.63,8857.51,0
000851
-2461,8663,0
8
-2467.73,8667.41,0
-2454.27,8658.59,0
-2444.92,8662.23,0
-2440.04,8668.37,0
-2441.29,8669.37,0
-2455.22,8678.5,0
-2462.6,8678.14,0
-2466.78,8672.87,0
000852
-2248,8485,0
4
-2245.32,8482.94,0
-2250.23,8499.9,0
-2254.07,8498.79,0
-2249.16,8481.82,0
000853
-2300,8683,0
4
-2297.28,8684.22,0
-2309.58,8688.23,0
-2310.82,8684.43,0
-2298.52,8680.41,0
000900
3615,11456,0
4
3612.91,11458,0
3613.43,11446.7,0
3617.43,11446.8,0
3616.9,11458.2,0
000905
3724,11492,0
8
3726.72,11477.4,0
3721.28,11506.6,0
3716.93,11503.9,0
3713.16,11499.9,0
3707.86,11487.5,0
3711.37,11468.7,0
3711.87,11468,0
3721.84,11478.7,0
000906
3649,11296,0
6
3655.3,11304.8,0
3652.08,11311.7,0
3651.31,11312.1,0
3645.87,11309.5,0
3648.72,11290.2,0
3657.61,11294.3,0
000907
3641,11584,0
4
3647.83,11572.3,0
3641.92,11587.1,0
3638.2,11585.6,0
3644.12,11570.8,0
000999
-7893,-1879,0
8
-7899.76,-1867.83,0
-7913.02,-1891.54,0
-7912.07,-1893.19,0
-7888.09,-1890.21,0
-7884.57,-1887.27,0
-7872.06,-1864.91,0
-7872.83,-1863,0
-7896.87,-1865.99,0
001001
6166,3808,0
8
6180.39,3810.33,0
6159.99,3816.09,0
6156.6,3815.11,0
6150.19,3807.48,0
6150.82,3805.45,0
6171.59,3799.58,0
6174.88,3800.6,0
6181.17,3808.09,0
001002
8017,3070,0
4
8016.18,3080.62,0
8014.77,3068.06,0
8018.74,3067.61,0
8020.16,3080.17,0
001003
8061,3356,0
6
8083.93,3341.79,0
8035.36,3373.33,0
8048.1,3369.87,0
8034.47,3348.86,0
8061.26,3338.04,0
8072.82,3355.84,0
001004
6069,3697,0
8
6061.54,3707.81,0
6047.03,3690.05,0
6045.61,3685.28,0
6071.54,3681.36,0
6074.67,3682.58,0
6093.93,3706.16,0
6091.82,3708.29,0
6068.95,3711.76,0
001005
4996,3695,0
4
4992.47,3705.95,0
4995.65,3682.92,0
4999.61,3683.47,0
4996.43,3706.5,0
001007
3975,3399,0
8
3976.82,3387.56,0
3975.07,3410.99,0
3972.41,3412.24,0
3967.16,3410.53,0
3966.35,3404.38,0
3967.59,3387.81,0
3968.01,3382.72,0
3974.2,3384.73,0
001008
976,2364,0
4
960.698,2371.3,0
965.474,2352.33,0
980.717,2353.46,0
975.084,2375.83,0
001009
53,2208,0
6
44.9967,2212.05,0
51.4037,2196.91,0
65.688,2200.26,0
57.8795,2218.71,0
55.8726,2220.37,0
50.3492,2218.03,0
001010
-702,1654,0
6
-715.878,1659.67,0
-706.82,1642.13,0
-704.925,1640.77,0
-699.387,1643.63,0
-692.065,1651.37,0
-699.497,1665.76,0
001011
-1570,1366,0
4
-1576.72,1375.35,0
-1566.67,1354.45,0
-1557.26,1359.96,0
-1565.78,1377.67,0
001012
-2266,914,0
8
-2282.95,912.461,0
-2264.68,902.358,0
-2259.22,902.124,0
-2254.79,905.412,0
-2254.27,907.907,0
-2277.08,920.52,0
-2281.98,919.372,0
-2288.14,914.798,0
001013
-3507,-132,0
8
-3511.3,-123.212,0
-3502.99,-140.966,0
-3499.68,-141.211,0
-3495.02,-137.877,0
-3493.64,-133.491,0
-3502.2,-115.204,0
-3503.68,-114.043,0
-3509.31,-118.067,0
001014
-6615,-1998,0
4
-6623.06,-1990.31,0
-6618.34,-2006.14,0
-6610.35,-2006.58,0
-6616.11,-1987.29,0
001015
-9168,-2098,0
4
-9165.86,-2105.92,0
-9166.14,-2089.92,0
-9170.14,-2089.99,0
-9169.86,-2105.99,0
001017
-10939,-2089,0
6
-10941,-2096.99,0
-10937,-2081.01,0
-10955.6,-2075.25,0
-10957.8,-2084.24,0
-10959,-2082.75,0
-10959,-2095.25,0
001050
3080,3075,0
8
3074.22,3085.18,0
3085.78,3064.82,0
3093.1,3065.23,0
3100.28,3067.75,0
3095.18,3071.99,0
3087.16,3086.1,0
3083.79,3090.57,0
3078.14,3088.6,0
001051
3109,3513,0
4
3106.21,3512.52,0
3111.48,3508.8,0
3113.79,3512.06,0
3108.52,3515.79,0
001052
3333,2946,0
4
3326.45,2952.43,0
3332.43,2943.2,0
3335.79,2945.38,0
3329.81,2954.6,0
001053
3300,3595,0
6
3293.43,3595.17,0
3295.62,3590.13,0
3297.65,3587.04,0
3303.04,3589.37,0
3304.77,3592.17,0
3301.2,3600.43,0
001054
3657,3717,0
6
3652.86,3722.31,0
3654.62,3709.81,0
3657.26,3708.5,0
3662.84,3709.28,0
3662.99,3714.25,0
3662.22,3719.75,0
001055
3841,3717,0
4
3840.11,3712.04,0
3843.76,3717.54,0
3840.42,3719.75,0
3836.77,3714.25,0
001056
3895,3085,0
4
3897.15,3082.31,0
3896.14,3100.61,0
3892.14,3100.39,0
3893.16,3082.09,0
001080
8103,3293,0
6
8107.11,3301.26,0
8091.04,3296.52,0
8090.21,3294.35,0
8092.76,3285.72,0
8112.73,3291.5,0
8110.18,3300.14,0
001100
3431,3652,0
8
3438.06,3662.55,0
3422.51,3656.96,0
3420.64,3652.4,0
3421.03,3642.75,0
3422.87,3639.97,0
3438.93,3645.75,0
3440.84,3648.33,0
3440.32,3661.18,0
001200
-11568,-1896,0
8
-11569.5,-1881.38,0
-11566.5,-1910.62,0
-11562.1,-1909.77,0
-11547.9,-1912.63,0
-11552.8,-1904.72,0
-11554.4,-1888.63,0
-11557.4,-1882.71,0
-11563.1,-1881.57,0
001201
-11403,-2089,0
6
-11404.2,-2080.72,0
-11408.3,-2089.72,0
-11400.3,-2095.25,0
-11394.5,-2082.75,0
-11395.8,-2080.97,0
-11400.8,-2078.66,0
001202
-11419,-1629,0
4
-11421.2,-1627.26,0
-11420.2,-1636.87,0
-11416.3,-1636.48,0
-11417.2,-1626.87,0
001203
-11172,-1635,0
4
-11173.7,-1632.3,0
-11175.4,-1647.82,0
-11171.5,-1648.26,0
-11169.7,-1632.74,0
001205
-11100,-2005,0
6
-11104.1,-1995.95,0
-11107.6,-2000.33,0
-11100.5,-2009.82,0
-11094.8,-2002.65,0
-11097.2,-1999.36,0
-11102.8,-1994.97,0
001300
5753,3689,0
8
5748.49,3700.54,0
5746.56,3677.55,0
5748.28,3675.55,0
5753.76,3675.01,0
5756.56,3680.18,0
5757.91,3696.21,0
5756.06,3701.98,0
5750.57,3702.52,0
001301
5759,3941,0
4
5756.26,3941.51,0
5761.57,3933.52,0
5764.9,3935.73,0
5759.59,3943.72,0
001302
5727,3509,0
4
5732.74,3529.5,0
5723.84,3506.35,0
5727.57,3504.92,0
5736.47,3528.07,0
001303
5963,3861,0
6
5948.19,3869.76,0
5946.48,3864.52,0
5956.61,3856.41,0
5962.05,3854.65,0
5965.1,3855.8,0
5967.89,3864.37,0
001304
6291,3770,0
6
6288.92,3775.34,0
6286.57,3766.64,0
6288.61,3764.06,0
6294.21,3762.55,0
6309.75,3762.75,0
6311.18,3768.07,0
001305
6315,3380,0
4
6316.46,3401.01,0
6312.44,3376.8,0
6316.39,3376.15,0
6320.41,3400.36,0
001306
6431,3737,0
4
6431.55,3739.7,0
6424.96,3735.6,0
6427.08,3732.2,0
6433.66,3736.3,0
001600
8275,3262,0
8
8259.84,3265.19,0
8268.15,3251.14,0
8271.96,3246.52,0
8277.5,3248.55,0
8280.94,3251.96,0
8269.06,3272.04,0
8262.5,3271.66,0
8255.53,3269.1,0
001601
8037,3276,0
6
8033.27,3274.41,0
8037.19,3269.75,0
8042.39,3268.62,0
8046.72,3272.26,0
8047.26,3274,0
8040.84,3281.64,0
001602
8172,3316,0
6
8162.83,3317.69,0
8162.04,3307.94,0
8163.04,3306.93,0
8169.22,3306.43,0
8177.25,3310.14,0
8177.73,3316.1,0
001603
8272,3103,0
4
8274.73,3101.99,0
8269.43,3112.72,0
8265.85,3110.95,0
8271.14,3100.21,0
003000
-10345,12159,0
4
-10352.7,12156,0
-10336.8,12158.1,0
-10337.3,12162,0
-10353.2,12159.9,0
003010
-9383,12313,0
4
-9387.89,12306.4,0
-9375.56,12316.6,0
-9378.11,12319.6,0
-9390.44,12309.4,0
003020
-3905,12585,0
4
-3912.93,12582.7,0
-3896.94,12583.3,0
-3897.07,12587.3,0
-3913.06,12586.7,0
003030
4885,12869,0
4
4874.92,12874.9,0
4892.5,12860.1,0
4895.08,12863.1,0
4877.5,12877.9,0
003040
5991,12869,0
4
5982.07,12873.4,0
5997.48,12861.4,0
5999.93,12864.6,0
5984.52,12876.6,0
003050
8755,11863,0
4
8746.86,11864.3,0
8761.57,11858,0
8763.14,11861.7,0
8748.43,11868,0
003060
846,11906,0
4
837.937,11904.3,0
853.928,11903.7,0
854.063,11907.7,0
838.072,11908.3,0
004000
13998,10010,0
4
13992.5,10016.1,0
14000,10002,0
14003.5,10003.9,0
13996,10018,0
004010
13877,4829,0
4
13875.4,4837.09,0
13874.6,4821.11,0
13878.6,4820.91,0
13879.4,4836.89,0
004020
13444,6772,0
4
13442.8,6780.15,0
13441.3,6764.22,0
13445.2,6763.85,0
13446.7,6779.78,0
005000
6904,-8219,0
4
6904.28,-8210.76,0
6899.88,-8226.14,0
6903.72,-8227.24,0
6908.12,-8211.86,0
005010
-3749,-8228,0
4
-3739.34,-8225.62,0
-3758.82,-8226.39,0
-3758.66,-8230.38,0
-3739.18,-8229.61,0
005020
-6512,-9199,0
4
-6502.23,-9197.11,0
-6521.73,-9196.89,0
-6521.77,-9200.89,0
-6502.27,-9201.11,0
005030
8527,-8087,0
4
8535.03,-8085.12,0
8519.03,-8084.88,0
8518.97,-8088.88,0
8534.97,-8089.12,0
005040
-3374,-8115,0
4
-3366.21,-8112.29,0
-3382.15,-8113.72,0
-3381.79,-8117.71,0
-3365.85,-8116.28,0
006000
-15348,-5329,0
4
-15344.1,-5336.29,0
-15348,-5320.75,0
-15351.9,-5321.71,0
-15348,-5337.25,0
006010
-14240,-3525,0
4
-14232.9,-3529.16,0
-14244.3,-3517.98,0
-14247.1,-3520.84,0
-14235.7,-3532.02,0
006020
-14024,-1641,0
4
-14027.6,-1648.42,0
-14017.3,-1636.14,0
-14020.4,-1633.58,0
-14030.7,-1645.86,0
006030
-14289,-1327,0
4
-14282.5,-1332.05,0
-14292.4,-1319.47,0
-14295.5,-1321.95,0
-14285.6,-1334.53,0
006040
-15092,2533,0
4
-15086.5,2526.85,0
-15094,2541.01,0
-15097.5,2539.15,0
-15090,2524.99,0
007000
-710,1048,0
4
-707.224,1049.96,0
-712.723,1050.04,0
-712.776,1046.04,0
-707.277,1045.96,0
007010
61,3016,0
4
58.2303,3014.03,0
63.7301,3013.97,0
63.7697,3017.97,0
58.2699,3018.03,0
007020
-9228,-5315,0
4
-9231.29,-5315.87,0
-9226.16,-5317.86,0
-9224.71,-5314.13,0
-9229.84,-5312.14,0
007030
-8522,-7924,0
4
-8519.02,-7922.36,0
-8524.47,-7921.67,0
-8524.98,-7925.64,0
-8519.53,-7926.33,0
007040
-4635,8622,0
4
-4637.34,8624.46,0
-4636.62,8619.01,0
-4632.66,8619.54,0
-4633.38,8624.99,0
007050
-7993,6946,0
4
-7990.7,6943.49,0
-7991.32,6948.96,0
-7995.3,6948.51,0
-7994.68,6943.04,0
007060
3472,1075,0
4
3481.71,1077.19,0
3462.21,1076.81,0
3462.29,1072.81,0
3481.79,1073.19,0
007070
-9266,-3449,0
4
-9261.46,-3447.09,0
-9270.46,-3446.91,0
-9270.54,-3450.91,0
-9261.54,-3451.09,0
007080
-6714,-352,0
4
-6718.45,-354.111,0
-6709.45,-353.888,0
-6709.55,-349.889,0
-6718.55,-350.112,0
007090
-22,1208,0
4
-14.7008,1211.84,0
-30.2461,1208.05,0
-29.2992,1204.16,0
-13.7539,1207.95,0
007100
-1118,7593,0
4
-1121.77,7589.83,0
-1113.12,7592.32,0
-1114.23,7596.17,0
-1122.88,7593.68,0
007110
5053,2674,0
4
5055.69,2676.08,0
5050.19,2675.91,0
5050.31,2671.92,0
5055.81,2672.09,0
008489
5212,7406,0
4
5215.95,7398.08,0
5212.15,7414,0
5208.26,7413.08,0
5212.06,7397.15,0
008515
5256,7785,0
4
5260.41,7778.28,0
5254.91,7794.37,0
5251.13,7793.07,0
5256.62,7776.99,0
008574
5205,6477,0
4
5214.59,6467.7,0
5210.46,6487.03,0
5200.68,6487.66,0
5205.54,6464.87,0
008709
5668,7415,0
8
5678.05,7426.83,0
5658.54,7426.57,0
5654.75,7424.49,0
5654.92,7404.99,0
5657.01,7403.03,0
5680.02,7403.34,0
5681.93,7405.36,0
5681.75,7424.86,0
008713
5672,7573,0
8
5681.53,7579.46,0
5662.01,7579.59,0
5660.08,7577.61,0
5660.13,7568.61,0
5662.08,7566.59,0
5681.59,7566.46,0
5683.69,7570.2,0
5683.66,7575.7,0
008727
5654,8077,0
8
5664.01,8090.14,0
5644.4,8084.44,0
5642.44,8081.21,0
5642.62,8058.23,0
5644.93,8057.67,0
5664.25,8063.28,0
5666.03,8067.25,0
5665.88,8086.75,0
008777
5662,8479,0
4
5652.21,8477.19,0
5671.71,8476.81,0
5671.79,8480.81,0
5652.29,8481.19,0
008813
5709,7007,0
4
5701.23,7004.1,0
5717.13,7005.92,0
5716.67,7009.89,0
5700.77,7008.07,0
008827
5718,6907,0
6
5725.45,6913.52,0
5709.44,6912.87,0
5709.93,6899.88,0
5725.94,6900.52,0
5727.99,6902.53,0
5727.63,6911.53,0
008833
5736,6491,0
8
5744.81,6506.45,0
5725.28,6506.33,0
5723.51,6502.63,0
5724.86,6479.61,0
5727.07,6475.86,0
5746.59,6475.98,0
5748.48,6478.03,0
5746.93,6504.5,0
008878
5764,5984,0
4
5773.62,5986.53,0
5754.15,5985.46,0
5754.38,5981.47,0
5773.85,5982.54,0
009161
5911,7641,0
4
5906.5,7639,0
5915.5,7639,0
5915.5,7643,0
5906.5,7643,0
009170
5911,7572,0
12
5917.25,7583.84,0
5904.75,7583.84,0
5902.75,7576.53,0
5902.71,7567.53,0
5902.62,7553.63,0
5907.89,7552.05,0
5903.47,7551.82,0
5919.46,7552.19,0
5914.72,7552.16,0
5919.93,7553.9,0
5919.54,7562.38,0
5919.25,7581.87,0
009177
5927,7417,0
8
5925,7428.94,0
5919.17,7428.64,0
5916.59,7426.67,0
5920.48,7407.2,0
5922.5,7405.19,0
5931.5,7405.66,0
5933.48,7407.83,0
5929.64,7427.05,0
009178
5958,7420,0
6
5955.3,7431.78,0
5949.62,7430.87,0
5948.51,7428.88,0
5951.6,7409.59,0
5964.78,7411.54,0
5961.68,7430.83,0
009179
5922,7465,10
4
5929.4,7469.45,10
5913.97,7464.55,10
5915.19,7460.73,10
5930.61,7465.63,10
009361
6029,6908,0
8
6031.81,6914.63,0
6026.31,6914.49,0
6024.28,6912.48,0
6023.79,6903.48,0
6025.58,6901.47,0
6031.12,6901.61,0
6033.33,6903.7,0
6033.82,6912.73,0
009363
6030,7016,0
8
6036.34,7024.64,0
6023.84,7024.08,0
6021.8,7020.26,0
6021.71,7011.26,0
6027.17,7007.66,0
6032.68,7007.9,0
6038.19,7010.23,0
6038.32,7022.76,0
009364
6018,6798,0
8
6021.42,6804.52,0
6015.89,6804.49,0
6013.69,6802.49,0
6013.27,6793.48,0
6015.29,6791.49,0
6020.79,6791.52,0
6022.8,6793.53,0
6023.22,6802.53,0
009365
6020,6494,0
6
6022.67,6505.87,0
6017.17,6505.76,0
6015.19,6503.75,0
6015.6,6484.25,0
6025.1,6484.46,0
6024.68,6503.96,0
009485
6111,7575,0
6
6122.08,7578.55,0
6104.06,7586.59,0
6099.69,7584.58,0
6090.93,7564.95,0
6091.83,7563.28,0
6109.85,7555.23,0
009512
6133,7110,0
4
6126.8,7102.5,0
6137.89,7111.34,0
6135.39,7114.47,0
6124.3,7105.62,0
009513
6114,7021,0
8
6120.04,7027.74,0
6110.75,7027.31,0
6108.32,7025.17,0
6108.19,7016.15,0
6112.43,7014.38,0
6117.97,7014.64,0
6121.48,7016.75,0
6121.6,7025.76,0
009524
6134,6913,0
6
6135.59,6919.52,0
6130.03,6919.31,0
6128.4,6917.24,0
6128.74,6908.24,0
6138.29,6908.61,0
6137.95,6917.61,0
009629
6208,7930,0
4
6215,7932,0
6200,7933,0
6199,7928,0
6214,7927,0
009699
6246,8077,0
8
6265.17,8094.81,0
6243.36,8094.27,0
6237.83,8086.75,0
6230.79,8067.25,0
6231.51,8059.91,0
6251.78,8060.42,0
6255.25,8062.44,0
6266.3,8093.03,0
009743
6268,7456,0
4
6277.11,7446.18,0
6262.19,7468.08,0
6258.89,7465.82,0
6273.81,7443.92,0
009745
6144,7244,4
4
6144.66,7236.03,4
6147.44,7252.25,4
6143.5,7252.92,4
6140.72,7236.7,4
009747
6264,7252,0
10
6269,7266,0
6259,7266,0
6246,7266,0
6246,7260,0
6249,7258,0
6249,7243,0
6246,7241,0
6255,7238,0
6274,7240,0
6274,7266,0
009750
6230,7025,0
4
6232.2,7017.03,0
6231.8,7033.03,0
6227.89,7029.43,0
6228.12,7020.43,0
009760
6105,6089,0
4
6115.69,6084.31,0
6096.52,6097.02,0
6094.31,6093.69,0
6113.48,6080.98,0
009761
6134,6717,0
4
6136,6712.5,0
6136,6721.5,0
6132,6721.5,0
6132,6712.5,0
009800
6693,7520,0
8
6697,7505,0
6705,7505,0
6711,7505,0
6711,7530,0
6663,7530,0
6663,7505,0
6665,7505,0
6674,7505,0
009814
6351,7338,0
8
6362.79,7344.29,0
6339.76,7344.2,0
6337.67,7342.14,0
6337.47,7333.13,0
6339.5,7331.19,0
6362.5,7331.29,0
6364.5,7335,0
6364.62,7340.5,0
009818
6351,7255,0
8
6364.25,7268.5,0
6337.75,7268.26,0
6335.75,7266.22,0
6335.93,7243.22,0
6339.71,7241.29,0
6362.71,7241.5,0
6366.32,7250.5,0
6366.25,7259.5,0
009821
6352,7190,0
6
6363.4,7196.5,0
6340.4,7196.09,0
6338.89,7183.03,0
6365.39,7183.5,0
6367.34,7185.5,0
6367.18,7194.5,0
009823
6472,6839,0
4
6474.65,6841.13,0
6469.16,6840.87,0
6469.35,6836.87,0
6474.84,6837.13,0
009840
6356,7027,0
8
6369.08,7038.2,0
6342.6,7036.79,0
6340.63,7034.76,0
6341.12,7018.76,0
6344.96,7016.82,0
6367.93,7018.05,0
6371.44,7023.88,0
6371.16,7032.9,0
009843
6359,7518,0
8
6374.26,7537.21,0
6349.39,7529.27,0
6346.57,7525.57,0
6342.6,7490.79,0
6344.66,7493.72,0
6371.57,7502.32,0
6373.53,7505.05,0
6376.56,7531.61,0
009846
6361,6919,0
8
6372.2,6925.82,0
6349.2,6925.19,0
6347.29,6923.14,0
6347.73,6914.15,0
6349.83,6912.2,0
6372.83,6912.83,0
6374.72,6914.88,0
6374.29,6923.87,0
009851
6498,8612,0
4
6489.13,8611.94,0
6505.13,8608.36,0
6506,8612.26,0
6490,8615.84,0
009867
6367,6717,0
8
6378.5,6723.54,0
6355.5,6723.5,0
6353.49,6721.5,0
6353.66,6712.5,0
6355.73,6710.5,0
6378.74,6710.54,0
6380.67,6712.54,0
6380.51,6721.54,0
009883
6375,6496,0
8
6387.69,6511.62,0
6360.9,6519.17,0
6358.72,6509.68,0
6351.3,6483.36,0
6349.18,6481.05,0
6380.93,6480.98,0
6384.22,6482.94,0
6391.74,6509.61,0
009915
6415,7820,0
4
6405.14,7820.29,0
6424.13,7815.78,0
6428.27,7837,0
6412.68,7840.7,0
009983
6449,7937,0
6
6459.84,7943.29,0
6444.64,7948.3,0
6440.16,7935.24,0
6455.36,7930.23,0
6458.2,7932.42,0
6461.15,7941.4,0
010088
6505,8089,0
8
6522.5,8106.5,0
6501.18,8105.69,0
6498.43,8103.74,0
6486.71,8073.24,0
6490.04,8071.54,0
6507.33,8072.19,0
6512.7,8076.01,0
6523.02,8102.89,0
010209
6691,8396,0
6
6695.41,8402.9,0
6686.41,8402.71,0
6684.44,8400.8,0
6684.63,8391.78,0
6688.85,8375.95,0
6694.35,8376.07,0
010240
6700,8096,0
6
6702.29,8111.37,0
6696.79,8111.14,0
6694.86,8109.07,0
6695.93,8082.59,0
6705.42,8082.98,0
6704.35,8109.46,0
010248
6697,7936,0
4
6698.98,7931.49,0
6699.02,7940.49,0
6695.02,7940.5,0
6694.98,7931.5,0
010274
6701,7335,0
8
6703.47,7341.47,0
6697.96,7341.73,0
6696.04,7339.87,0
6696.18,7330.83,0
6698.16,7328.69,0
6703.66,7328.43,0
6705.71,7332.14,0
6705.63,7337.64,0
010276
6700,7263,0
4
6702.78,7264.96,0
6697.28,7265.04,0
6697.22,7261.04,0
6702.72,7260.96,0
010278
6699,7186,0
8
6701.83,7192.45,0
6696.34,7192.73,0
6694.31,7190.89,0
6694.31,7181.86,0
6696.34,7179.7,0
6701.84,7179.42,0
6703.81,7181.39,0
6703.81,7190.39,0
010286
6700,6933,0
8
6702.81,6939.75,0
6697.31,6939.61,0
6695.29,6937.66,0
6695.36,6928.65,0
6697.41,6926.59,0
6702.91,6926.72,0
6704.86,6928.88,0
6704.79,6937.91,0
010298
6704,6719,0
8
6706.68,6725.5,0
6701.18,6725.41,0
6699.2,6723.34,0
6699.16,6714.34,0
6701.13,6712.4,0
6706.63,6712.49,0
6708.67,6714.5,0
6708.7,6723.5,0
010305
6712,6411,0
4
6714.46,6413.34,0
6709.01,6412.62,0
6709.54,6408.66,0
6714.99,6409.38,0
010315
6700,6502,0
12
6709,6516,0
6701,6516,0
6682,6516,0
6678,6516,0
6675,6514,0
6675,6490,0
6678,6488,0
6685,6488,0
6705,6488,0
6709,6488,0
6713,6490,0
6713,6514,0
010580
6840,6498,0
4
6837.84,6509.57,0
6838.16,6486.55,0
6842.16,6486.6,0
6841.84,6509.62,0
010581
6833,6719,0
4
6831.01,6723.5,0
6830.99,6714.5,0
6834.99,6714.49,0
6835.01,6723.49,0
010582
6834,6944,0
4
6831.67,6948.32,0
6832.34,6939.35,0
6836.33,6939.65,0
6835.66,6948.62,0
010583
6831,7183,0
4
6829.07,7187.55,0
6828.93,7178.55,0
6832.93,7178.49,0
6833.07,7187.49,0
010584
6832,7332,0
4
6830.08,7334.79,0
6829.92,7329.3,0
6833.92,7329.19,0
6834.08,7334.68,0
010852
6908,6015,0
4
6918.15,6015.21,0
6898.89,6018.66,0
6898.18,6014.73,0
6917.45,6011.28,0
010859
6981,8104,0
8
6990.35,8118.8,0
6970.83,8119.17,0
6965.39,8117.12,0
6965.91,8090.63,0
6967.93,8088.64,0
6994.44,8088.15,0
6996.39,8091.79,0
6995.94,8114.83,0
010866
6976,8630,0
4
6968,8630.65,0
6984,8625.12,0
6985.31,8628.9,0
6969.31,8634.43,0
010873
6983,7934,0
8
6996.13,7944,0
6969.63,7944.09,0
6967.7,7938.61,0
6967.72,7929.61,0
6969.68,7924.09,0
6996.18,7924,0
6998.19,7926,0
6998.16,7942,0
010884
6980,7521,0
8
6993.36,7536.09,0
6966.86,7536.03,0
6964.84,7534,0
6965.15,7507.5,0
6968.96,7505.55,0
6991.97,7505.6,0
6995.65,7507.56,0
6995.35,7534.06,0
010886
6981,6506,0
8
6993.32,6519.06,0
6970.27,6518.9,0
6968.14,6516.79,0
6967.55,6493.72,0
6969.63,6491.83,0
6992.63,6491.99,0
6994.61,6493.9,0
6995.2,6516.9,0
010890
6984,7327,0
8
6992,7332.02,0
6976,7332.01,0
6970.51,7330.2,0
6970.43,7324.69,0
6972.37,7322.62,0
6995.38,7322.63,0
6997.44,7324.7,0
6997.52,7330.2,0
010893
6980,6954,0
8
6989.75,6960.98,0
6970.25,6959.85,0
6968.25,6957.71,0
6968.8,6948.72,0
6972.79,6946.98,0
6988.8,6947.92,0
6992.29,6950.08,0
6991.75,6959.07,0
010894
6980,7182,0
8
6991.67,7187.95,0
6968.68,7188.58,0
6966.62,7186.59,0
6966.5,7177.59,0
6968.5,7175.57,0
6991.5,7174.94,0
6993.5,7176.85,0
6993.62,7185.85,0
010896
6992,6718,0
6
7000.31,6723.83,0
6984.33,6724.55,0
6982.23,6722.56,0
6981.83,6713.56,0
6983.76,6711.55,0
6999.74,6710.84,0
011100
7524,7405,0
4
7527.7,7408.25,0
7519.11,7405.57,0
7520.3,7401.75,0
7528.89,7404.43,0
011101
7194,7334,0
4
7191.91,7336.68,0
7192.09,7331.18,0
7196.09,7331.32,0
7195.91,7336.82,0
011102
7766,7162,0
4
7763.97,7164.73,0
7764.03,7159.23,0
7768.03,7159.27,0
7767.97,7164.77,0
011114
8019,6497,0
8
8010.53,6506.75,0
8005.4,6487.25,0
8007.84,6485.31,0
8027.44,6485.06,0
8030.44,6486.95,0
8035.54,6506.33,0
8034.4,6508.41,0
8013.35,6508.68,0
011341
7663,7907,0
4
7661.39,7911.66,0
7660.62,7902.69,0
7664.61,7902.34,0
7665.38,7911.31,0
011347
8063,8101,0
4
8061.66,8109,0
8060.33,8093,0
8064.32,8092.67,0
8065.64,8108.67,0
011348
6063,7111,0
4
6060.96,7115.44,0
6061.04,7106.44,0
6065.04,7106.47,0
6064.96,7115.47,0
011349
6031,7110,0
6
6035.33,7116.64,0
6026.33,7116.57,0
6024.68,7103.59,0
6037.18,7103.69,0
6039.2,7105.75,0
6039.13,7114.76,0
011351
6173,7023,0
4
6170.85,7027.43,0
6171.16,7018.43,0
6175.15,7018.57,0
6174.84,7027.57,0
011353
6030,7148,0
4
6025.56,7145.68,0
6034.55,7146.32,0
6034.26,7150.31,0
6025.27,7149.67,0
011356
6069,7260,0
6
6076.94,7261.37,0
6070.79,7267.94,0
6063.59,7261.15,0
6069.74,7254.57,0
6073.02,7255.07,0
6077.35,7259.12,0
011357
6221,7235,0
4
6223.17,7232.37,0
6222.82,7237.86,0
6218.83,7237.61,0
6219.18,7232.12,0
011359
6092,7282,0
6
6086.62,7283.08,0
6092.95,7276.68,0
6096.25,7277.32,0
6100.51,7281.53,0
6099.99,7283.74,0
6093.66,7290.14,0
011360
6466,7037,0
8
6468.62,7043.61,0
6463.13,7043.26,0
6461.17,7041.08,0
6461.34,7032.06,0
6463.37,7030.24,0
6468.86,7030.59,0
6470.82,7032.68,0
6470.66,7041.68,0
011364
6235,7264,0
4
6236.43,7260.43,0
6237.37,7266,0
6233.42,7266.66,0
6232.48,7261.1,0
011365
6828,7519,0
4
6825.98,7530.52,0
6826.02,7507.51,0
6830.02,7507.52,0
6829.98,7530.52,0
011367
5754,7008,0
4
5756.13,7003.56,0
5755.87,7012.56,0
5751.87,7012.44,0
5752.13,7003.44,0
011368
5678,7230,0
4
5670.31,7227.21,0
5686.24,7228.83,0
5685.84,7232.81,0
5669.91,7231.19,0
011369
5717,6797,0
8
5726.81,6803.53,0
5707.31,6803.5,0
5705.27,6801.5,0
5705.51,6792.5,0
5707.63,6790.5,0
5727.17,6790.53,0
5729.05,6792.54,0
5728.81,6801.54,0
011370
6367,6800,0
8
6378.16,6806.95,0
6355.16,6806.43,0
6353.26,6804.42,0
6353.49,6795.42,0
6355.5,6793.43,0
6378.5,6793.95,0
6380.5,6797.78,0
6380.36,6803.28,0
011371
6703,6813,0
8
6707.38,6817.78,0
6698.38,6817.6,0
6696.43,6815.53,0
6696.53,6810.03,0
6700.3,6808.16,0
6705.8,6808.27,0
6709.53,6810.3,0
6709.43,6815.8,0
011372
6834,6814,0
4
6831.99,6816.73,0
6832.01,6811.23,0
6836.01,6811.25,0
6835.99,6816.75,0
011373
6997,6814,0
6
7004.42,6819.3,0
6988.37,6818.74,0
6986.61,6816.75,0
6986.8,6811.25,0
6988.74,6809.25,0
7004.79,6809.8,0
011374
6459,7336,0
6
6454.37,7338.84,0
6454.35,7333.34,0
6456.42,7331.3,0
6461.93,7331.27,0
6463.85,7333.29,0
6463.88,7338.79,0
011375
6462,7255,0
8
6464.51,7261.65,0
6459.01,7261.5,0
6457.08,7259.5,0
6457.32,7250.5,0
6459.35,7248.5,0
6464.85,7248.65,0
6466.82,7250.76,0
6466.58,7259.76,0
011376
6463,7190,0
8
6465.65,7196.48,0
6460.15,7196.5,0
6458.18,7194.5,0
6458.34,7185.5,0
6460.38,7183.5,0
6465.88,7183.47,0
6467.84,7185.46,0
6467.68,7194.46,0
011377
6468,6922,0
8
6470.63,6928.67,0
6465.14,6928.43,0
6463.17,6926.37,0
6463.47,6917.37,0
6465.56,6915.43,0
6471.06,6915.67,0
6472.96,6917.79,0
6472.67,6926.79,0
011378
6456,7520,0
4
6453.98,7531.46,0
6454.02,7508.46,0
6458.02,7508.46,0
6457.98,7531.47,0
011379
6569,7518,0
4
6567.01,7529.54,0
6566.99,7506.53,0
6570.99,7506.53,0
6571.01,7529.53,0
011380
6571,7337,0
4
6568.99,7339.73,0
6569.01,7334.23,0
6573.01,7334.25,0
6572.99,7339.75,0
011381
6571,7261,0
4
6568.81,7265.39,0
6569.19,7256.39,0
6573.19,7256.56,0
6572.81,7265.55,0
011382
6572,7189,0
4
6570.04,7193.52,0
6569.96,7184.52,0
6573.96,7184.48,0
6574.04,7193.48,0
011383
6701,7044,0
4
6703.72,7046.01,0
6698.22,7045.99,0
6698.23,7041.99,0
6703.73,7042.01,0
011384
6022,7217,0
4
6028.38,7216.74,0
6018.93,7220.29,0
6017.52,7216.55,0
6026.97,7212.99,0
011385
6239,7236,0
4
6241.62,7234.41,0
6239.87,7239.82,0
6236.06,7238.59,0
6237.81,7233.18,0
011386
6149,7259,0
4
6147.56,7262.55,0
6146.64,7256.99,0
6150.59,7256.34,0
6151.5,7261.9,0
011387
6296,7254,0
4
6291,7268,0
6291,7242,0
6301,7242,0
6301,7268,0
011388
6279,7377,0
4
6274.41,7375.22,0
6283.4,7374.78,0
6283.59,7378.78,0
6274.6,7379.22,0
011389
6020,7434,0
4
6026.12,7428.73,0
6016.22,7442.9,0
6012.94,7440.61,0
6022.84,7426.44,0
011390
5992,7323,15
4
5997.35,7330.25,15
5984.83,7319.46,15
5987.44,7316.43,15
5999.96,7327.22,15
011391
6044,7287,10
4
6041.95,7279.17,10
6049.74,7293.24,10
6046.24,7295.18,10
6038.45,7281.11,10
011392
5907,7465,0
4
5905.09,7462.43,0
5910.46,7463.84,0
5909.45,7467.71,0
5904.08,7466.3,0
011393
5935,7467,0
4
5933.24,7464.34,0
5938.54,7466.03,0
5937.31,7469.84,0
5932.02,7468.15,0
011394
5912,7529,0
4
5904.32,7526.31,0
5920.3,7527.73,0
5919.94,7531.72,0
5903.97,7530.3,0
011395
6591,8092,10
4
6593.54,8077.08,10
6592.46,8107.06,10
6588.53,8105.17,10
6589.48,8078.69,10
011396
6624,8399,0
6
6634.04,8416.7,0
6625.51,8419.59,0
6616.35,8396.42,0
6628.19,8392.4,0
6630.9,8394.19,0
6633.9,8403.06,0
011399
6541,8179,0
4
6532.8,8180.04,0
6547.71,8174.25,0
6553.89,8195.45,0
6542.23,8199.98,0
011401
6135,7326,0
4
6132.56,7329.94,0
6133.82,7318.35,0
6137.79,7318.78,0
6136.54,7330.37,0
011402
6167,7305,0
4
6166.49,7310.72,0
6163.99,7301.59,0
6167.85,7300.54,0
6170.35,7309.66,0
011403
6273,7310,0
6
6278.31,7314.92,0
6269.42,7316.3,0
6267.11,7314.23,0
6265.71,7305.15,0
6267.4,7303.27,0
6276.3,7301.89,0
011413
6183,6501,0
4
6181,6514,0
6181,6490,0
6185,6488,0
6185,6514,0
011414
6517,6499,0
4
6515,6514,0
6515,6486,0
6519,6486,0
6519,6511,0
020001
5672,7323,0
4
5683.4,7325.62,0
5660.43,7324.38,0
5664.14,7320.57,0
5680.12,7321.44,0
020003
5536,6493,0
4
5534,6506,0
5534,6480,0
5538,6480,0
5538,6506,0
020004
5870,6494,0
4
5868,6507,0
5868,6481,0
5872,6484,0
5872,6507,0
020005
6407,8085,15
4
6405,8098,15
6405,8072,15
6409,8072,15
6409,8098,15
020007
5924,7533,0
4
5921.65,7530.36,0
5927.01,7531.69,0
5926.04,7535.57,0
5920.69,7534.24,0
020008
5899,7532,0
4
5896.44,7530.21,0
5902.04,7529.73,0
5902.39,7533.71,0
5896.79,7534.2,0
020009
7140,7935,0
4
7138.09,7941.23,0
7137.91,7928.72,0
7159.92,7929.67,0
7160.05,7938.67,0
020011
5927,7370,0
4
5931.5,7372,0
5922.5,7372,0
5922.5,7368,0
5931.5,7368,0
020012
5565,7574,0
4
5566.96,7569.48,0
5567.04,7578.48,0
5563.04,7578.52,0
5562.96,7569.52,0
020014
5655,6797,0
4
5657,6792.5,0
5657,6801.5,0
5653,6801.5,0
5653,6792.5,0
020015
6668,7936,0
4
6666,7940.5,0
6666,7931.5,0
6670,7931.5,0
6670,7940.5,0
020019
6646,8472,0
4
6641.11,8471.38,0
6649.73,8468.79,0
6650.89,8472.62,0
6642.27,8475.21,0
020020
6690,8472,0
4
6685.53,8469.94,0
6694.53,8470.06,0
6694.47,8474.06,0
6685.47,8473.94,0
020023
6673,7337,0
8
6676.45,7343.27,0
6670.94,7343.47,0
6668.53,7339.75,0
6668.27,7334.25,0
6670.34,7330.48,0
6675.84,7330.29,0
6677.81,7332.14,0
6678.24,7341.14,0
020024
6674,7264,0
6
6676.66,7270.46,0
6671.16,7270.42,0
6669.19,7268.36,0
6669.25,7259.36,0
6671.25,7257.42,0
6676.75,7257.46,0
020025
6674,7188,0
8
6676.75,7194.29,0
6671.25,7194.54,0
6669.25,7192.55,0
6669.22,7183.55,0
6671.2,7181.52,0
6676.7,7181.27,0
6678.72,7183.11,0
6678.75,7192.13,0
020026
6673,7045,0
6
6675.79,7051.3,0
6670.29,7051.39,0
6668.28,7049.31,0
6668.13,7040.3,0
6670.07,7038.38,0
6675.57,7038.29,0
020027
6670,6934,0
8
6672.92,6940.42,0
6667.42,6940.35,0
6665.37,6938.24,0
6665.36,6929.22,0
6667.41,6927.33,0
6672.91,6927.4,0
6674.86,6929.34,0
6674.87,6938.34,0
020028
6673,6812,0
8
6675.63,6816.84,0
6670.14,6816.64,0
6668.18,6814.56,0
6668.28,6809.06,0
6670.3,6807.14,0
6675.8,6807.34,0
6677.78,6809.41,0
6677.68,6814.91,0
020029
6674,6718,0
8
6676.68,6724.59,0
6671.18,6724.49,0
6669.18,6722.48,0
6669.77,6713.49,0
6672.01,6711.5,0
6677.54,6711.6,0
6679.3,6713.67,0
6678.71,6722.66,0
020031
6679,6410,0
4
6682.13,6411.34,0
6676.76,6412.56,0
6675.87,6408.66,0
6681.24,6407.44,0
020032
6277,7336,0
6
6282.88,7331.66,0
6283.79,7340.69,0
6281.83,7342.63,0
6272.86,7343.54,0
6271.61,7330.53,0
6280.57,7329.62,0
020033
6920,7520,0
4
6917.84,7531.48,0
6918.16,7508.48,0
6922.18,7506.78,0
6921.82,7533.28,0
020034
6984,7389,0
4
6993.69,7391.15,0
6974.19,7390.85,0
6976,7368.88,0
6992,7369.12,0
020039
6135,7229,0
4
6133.65,7232.67,0
6132.61,7227.09,0
6136.54,7226.35,0
6137.58,7231.94,0
020048
6024,7199,0
4
6019.76,7196.5,0
6028.7,7197.53,0
6028.25,7201.5,0
6019.31,7200.48,0
020051
6355,7093,0
4
6368.16,7095.37,0
6341.67,7094.62,0
6341.78,7090.62,0
6368.28,7091.38,0
020052
6574,7041,0
4
6571.83,7045.42,0
6572.18,7036.43,0
6576.17,7036.58,0
6575.82,7045.58,0
020101
7388,8102,0
6
7371.74,8110.73,0
7372.36,8091.23,0
7373.75,8089.45,0
7394.43,8090.11,0
7397.12,8092.25,0
7396.49,8111.75,0
020102
7477,8102,0
8
7473.27,8113.65,0
7461.63,8113.67,0
7461.2,8111.75,0
7466.78,8092.25,0
7470.95,8090.33,0
7480.02,8090.31,0
7482.84,8093.98,0
7478.27,8110,0
020103
7332,7927,0
8
7344.25,7933.29,0
7323.96,7933.88,0
7321.32,7931.95,0
7320.37,7922.98,0
7324.57,7920.81,0
7340.69,7920.35,0
7344.66,7922.29,0
7345.62,7931.28,0
020104
7454,7925,0
8
7459.33,7931.09,0
7450.31,7931.55,0
7448.06,7929.6,0
7447.75,7920.6,0
7449.89,7918.52,0
7458.93,7918.06,0
7460.81,7919.9,0
7461.11,7928.9,0
020105
7328,8284,0
4
7325.78,8279.6,0
7332.75,8285.3,0
7330.22,8288.4,0
7323.25,8282.7,0
020106
7346,7785,0
6
7352.03,7805.38,0
7336.05,7804.43,0
7336.34,7780.64,0
7355.82,7781.81,0
7357.65,7784.5,0
7357.09,7793.88,0
020107
7460,7827,0
4
7464.54,7826.42,0
7455.15,7832.55,0
7452.97,7829.2,0
7462.36,7823.07,0
020108
7348,7689,0
4
7357.7,7691.52,0
7338.22,7690.48,0
7338.43,7686.49,0
7357.91,7687.52,0
020112
7362,7525,0
8
7370.43,7540.83,0
7350.99,7539.34,0
7349.17,7537.18,0
7350.03,7510.65,0
7353.67,7508.97,0
7369.7,7510.19,0
7373.6,7519.5,0
7373.19,7532,0
020113
7358,7329,0
4
7366.04,7330.96,0
7350.04,7331.03,0
7350.02,7327.03,0
7366.02,7326.96,0
020114
7484,7533,0
4
7484.7,7537.56,0
7478.22,7528.11,0
7481.52,7525.85,0
7488,7535.29,0
020115
7360,7158,0
8
7367.92,7164.6,0
7351.92,7165.14,0
7349.94,7163.3,0
7349.99,7154.27,0
7352,7152.11,0
7368,7151.57,0
7370,7155.35,0
7369.97,7160.85,0
020121
7360,6968,0
6
7368,6974.63,0
7352,6974.29,0
7350,6972.24,0
7350.19,6963.24,0
7352.27,6961.3,0
7368.27,6961.63,0
020122
7370,6728,0
6
7377.76,6734.01,0
7361.78,6733.04,0
7362.61,6719.99,0
7378.58,6720.96,0
7380.42,6722.82,0
7379.87,6731.88,0
020123
7388,6500,0
8
7396.72,6513.45,0
7377.15,6513.5,0
7375.19,6511.5,0
7374.21,6488.5,0
7375.88,6486.5,0
7395.64,6486.45,0
7398.26,6490.2,0
7399.09,6509.69,0
020124
7620,6712,0
4
7618.29,6716.62,0
7617.72,6707.64,0
7621.71,6707.38,0
7622.28,6716.36,0
020125
7341,6216,0
4
7350.95,6216.38,0
7331.71,6219.57,0
7331.05,6215.62,0
7350.29,6212.43,0
020126
7113,8098,0
4
7111,8110,0
7111,8086,0
7115,8089,0
7115,8110,0
020127
7142,7519,0
4
7140.33,7532.27,0
7139.67,7505.78,0
7161.7,7506.75,0
7162.27,7529.74,0
020128
7248,7515,0
4
7246,7528,0
7246,7502,0
7250,7502,0
7250,7528,0
020133
7144,6499,0
4
7142,6511,0
7142,6487,0
7146,6488,0
7146,6510,0
020134
7290,6500,0
4
7288,6511,0
7288,6489,0
7292,6488,0
7292,6512,0
020135
7222,8096,0
4
7220,8106,0
7220,8085,0
7224,8087,0
7224,8105,0
020136
7310,8097,0
4
7308,8106,0
7308,8088,0
7312,8088,0
7312,8107,0
020137
6569,7936,0
4
6567.02,7940.52,0
6566.98,7931.52,0
6570.98,7931.5,0
6571.02,7940.5,0
020139
6498,7706,0
4
6493.67,7703.65,0
6502.65,7704.37,0
6502.33,7708.35,0
6493.35,7707.63,0
020147
6568,6928,0
4
6565.74,6932.37,0
6566.27,6923.39,0
6570.26,6923.63,0
6569.73,6932.61,0
020150
7168,7173,0
6
7162.07,7177.79,0
7161.5,7168.81,0
7163.5,7166.7,0
7172.5,7166.13,0
7174.49,7167.98,0
7175.06,7176.96,0
020151
7168,6963,0
6
7161.5,6967.19,0
7161.83,6958.2,0
7174.83,6958.68,0
7174.5,6967.67,0
7172.5,6969.62,0
7163.5,6969.29,0
020152
7168,7068,0
6
7172.5,7074.5,0
7163.5,7074.5,0
7163.5,7061.5,0
7172.5,7061.5,0
7174.5,7063.5,0
7174.5,7072.5,0
020153
7268,7068,0
4
7266,7072.5,0
7266,7063.5,0
7270,7063.5,0
7270,7072.5,0
020154
6513,7519,0
6
6505.56,7530.63,0
6505.15,7507.64,0
6518.19,7507.41,0
6518.6,7530.4,0
6516.44,7532.43,0
6507.4,7532.59,0
020155
6976,8286,0
4
6984,8306.11,0
6968,8305.89,0
6966.3,8283.87,0
6985.8,8284.13,0
020156
6857,8103,0
4
6854.65,8116.16,0
6855.35,8089.66,0
6859.35,8089.77,0
6858.65,8116.26,0
020157
6989,6637,0
4
6979.14,6635.48,0
6998.62,6634.53,0
6997.73,6656.59,0
6981.75,6657.38,0
020158
6983,6294,0
4
6992.74,6294.78,0
6973.22,6297.26,0
6972.71,6293.29,0
6992.24,6290.81,0
020159
5498,7978,0
4
5479.06,7973.13,0
5488.36,7960.08,0
5505.36,7971.12,0
5494.02,7987.02,0
020160
7154,9147,0
8
7143.56,9157.59,0
7141.8,9138.17,0
7143.71,9136.01,0
7163.19,9135.24,0
7165.37,9137.24,0
7167.13,9156.73,0
7165.39,9158.73,0
7145.82,9159.5,0
020161
7139,8838,0
4
7146.97,8837.17,0
7131.23,8843.03,0
7129.84,8839.28,0
7145.57,8833.42,0
020162
4620,7121,0
8
4627.32,7137.51,0
4608.82,7129.52,0
4607.31,7126.57,0
4612.07,7107.51,0
4614.78,7106.38,0
4632.73,7114.13,0
4634.27,7117.05,0
4629.45,7136.37,0
020163
4888,6354,0
8
4892.09,6371.85,0
4874.08,6364.29,0
4869.97,6358.45,0
4872.93,6334.53,0
4874.43,6331.66,0
4898.44,6341.73,0
4900.48,6344.62,0
4897.13,6371.73,0
020164
3508,5728,0
4
3503.7,5737.62,0
3508.22,5718.25,0
3512.12,5719.16,0
3507.6,5738.52,0
020165
4731,4622,0
4
4718.35,4620.17,0
4737.35,4613.77,0
4742.39,4620.28,0
4719.98,4627.82,0
020166
4090,3596,0
8
4084.3,3608.09,0
4057.62,3571.66,0
4059.98,3575.86,0
4094.04,3585.72,0
4097.31,3587.82,0
4115.5,3612.64,0
4117.13,3617.76,0
4084.04,3608.18,0
900000
3286,-2439,0
6
3294.66,-2433.35,0
3278.75,-2431.63,0
3277.35,-2444.55,0
3293.26,-2446.27,0
3295.46,-2444.49,0
3296.43,-2435.54,0
900001
3335,-2444,0
4
3333.51,-2439.32,0
3332.51,-2448.27,0
3336.49,-2448.68,0
3337.49,-2439.73,0
900002
3360,-2447,0
2
3358.55,-2442.29,0
3357.48,-2451.23,0
900003
3882,-311,0
6
3871.77,-311.727,0
3884.93,-320.833,0
3892.33,-310.143,0
3879.17,-301.037,0
3876.4,-301.526,0
3871.28,-308.927,0
900004
3841,-282,0
4
3840.09,-286.864,0
3845.18,-279.446,0
3841.91,-277.136,0
3836.82,-284.554,0
900005
3820,-268,0
2
3819.17,-272.854,0
3824.16,-265.365,0
900006
7065,3526,0
6
7060.45,3538.45,0
7056.57,3515.78,0
7069.38,3513.59,0
7073.26,3536.26,0
7071.61,3538.57,0
7062.74,3540.09,0
900007
7073,3575,0
4
7068.24,3573.74,0
7077.12,3572.31,0
7077.76,3576.26,0
7068.88,3577.69,0
900008
7077,3600,0
2
7072.24,3598.74,0
7081.13,3597.31,0
900009
7475,4031,0
6
7473.22,4020.85,0
7485.31,4031.33,0
7476.8,4041.15,0
7464.71,4030.67,0
7464.5,4027.85,0
7470.4,4021.05,0
900010
7437,3998,0
4
7441.43,3995.89,0
7435.59,4002.73,0
7432.57,4000.11,0
7438.41,3993.27,0
900011
7418,3982,0
2
7422.43,3979.85,0
7416.63,3986.73,0
900012
7969,6497,0
6
7963.99,6506.78,0
7963.94,6487.28,0
7979.85,6487.25,0
7979.9,6506.75,0
7978.66,6508.6,0
7968.93,6508.62,0
900013
8038,6542,0
6
8026.73,6535.87,0
8041.44,6529.59,0
8046.79,6542.19,0
8032.08,6548.47,0
8029.29,6546.68,0
8025.48,6537.75,0
900014
7988,6543,0
4
7984.77,6544.92,0
7989.7,6537.39,0
7991.23,6541.08,0
7986.3,6548.61,0
900015
10230,8304,0
6
10223.2,8311.8,0
10223.7,8295.81,0
10236.7,8296.21,0
10236.2,8312.2,0
10234.1,8314.14,0
10225.1,8313.86,0
900016
10228,8354,0
4
10223.6,8351.91,0
10232.6,8352.09,0
10232.4,8356.09,0
10223.4,8355.91,0
900017
10228,8379,0
2
10223.5,8377,0
10232.5,8377,0
900018
12603,9224,0
6
12593.1,9226.96,0
12602.1,9213.72,0
12612.9,9221.02,0
12603.9,9234.26,0
12601.1,9234.79,0
12593.6,9229.73,0
900019
12575,9265,0
4
12572.4,9260.83,0
12579.9,9265.87,0
12577.6,9269.17,0
12570.1,9264.13,0
900020
12561,9286,0
2
12558.4,9281.84,0
12565.9,9286.83,0
900021
1965,10379,0
6
1973.45,10373.1,0
1969.08,10388.5,0
1956.57,10384.9,0
1960.95,10369.5,0
1963.42,10368.2,0
1972.08,10370.6,0
900022
1979,10330,0
4
1982.77,10333.2,0
1974.13,10330.7,0
1975.23,10326.8,0
1983.87,10329.3,0
900023
1986,10306,0
2
1989.76,10309.2,0
1981.12,10306.7,0
900024
1202,9966,0
6
1191.81,9967.48,0
1202.68,9955.73,0
1212.22,9964.56,0
1201.36,9976.3,0
1198.54,9976.42,0
1191.93,9970.31,0
900025
1168,10003,0
4
1166.06,9998.46,0
1172.65,10004.6,0
1169.94,10007.5,0
1163.35,10001.4,0
900026
1151,10021,0
2
1149.1,10016.5,0
1155.64,10022.6,0
900027
-9360,8637,0
6
-9365.84,8645.45,0
-9367.01,8629.5,0
-9354.04,8628.55,0
-9352.88,8644.51,0
-9354.71,8646.65,0
-9363.69,8647.3,0
900028
-9356,8687,0
4
-9360.65,8685.28,0
-9351.67,8684.74,0
-9351.35,8688.72,0
-9360.33,8689.26,0
900029
-9355,8712,0
2
-9359.58,8710.18,0
-9350.58,8709.82,0
900030
-6604,9051,0
6
-6612.25,9040.74,0
-6596.26,9040.39,0
-6595.9,9056.04,0
-6611.89,9056.4,0
-6613.83,9051.81,0
-6614.05,9041.98,0
900031
-6649,9082,0
6
-6642.79,9075.91,0
-6648.81,9090.73,0
-6661.59,9085.59,0
-6655.57,9070.76,0
-6653.75,9069.46,0
-6644.68,9073.15,0
900032
-6650,9032,0
4
-6650.69,9029.05,0
-6645.61,9036.48,0
-6649.31,9034.95,0
-6654.39,9027.52,0
900033
-8643,-665,0
6
-8632.92,-667.608,0
-8642.25,-654.614,0
-8652.81,-662.2,0
-8643.48,-675.194,0
-8640.65,-675.627,0
-8633.34,-670.375,0
900034
-8613,-705,0
4
-8610.56,-700.759,0
-8617.84,-706.041,0
-8615.44,-709.241,0
-8608.16,-703.959,0
900035
-8599,-725,0
2
-8596.46,-720.781,0
-8603.83,-725.942,0
900036
-9825,-1480,0
6
-9815.08,-1483,0
-9823.95,-1469.69,0
-9834.77,-1476.9,0
-9825.9,-1490.21,0
-9823.1,-1490.75,0
-9815.62,-1485.76,0
900037
-9797,-1521,0
4
-9794.4,-1516.83,0
-9801.86,-1521.87,0
-9799.6,-1525.17,0
-9792.14,-1520.13,0
900038
-9783,-1542,0
2
-9780.37,-1537.84,0
-9787.85,-1542.83,0
900039
-10792,-1919,0
6
-10798.5,-1905.73,0
-10798.6,-1932.23,0
-10785.6,-1932.27,0
-10785.5,-1905.77,0
-10787.5,-1903.76,0
-10796.5,-1903.74,0
900040
-10792,-1869,0
4
-10796.5,-1871,0
-10787.5,-1871,0
-10787.5,-1867,0
-10796.5,-1867,0
900041
-10792,-1844,0
2
-10796.5,-1846,0
-10787.5,-1846,0
900042
-12441,-5704,0
6
-12433.3,-5699.93,0
-12449.3,-5701.27,0
-12448.1,-5715.03,0
-12432.2,-5713.69,0
-12430.4,-5712.35,0
-12431.3,-5702.56,0
900043
-12389,-5769,0
6
-12396.5,-5758.29,0
-12401.4,-5773.51,0
-12388.2,-5777.69,0
-12383.3,-5762.47,0
-12385.4,-5759.84,0
-12394.8,-5756.82,0
900044
-12394,-5720,0
4
-12392.4,-5716.55,0
-12399.4,-5722.16,0
-12395.6,-5723.45,0
-12388.6,-5717.84,0
900045
-9732,-7155,0
6
-9727.82,-7164.45,0
-9723.59,-7149.02,0
-9736.12,-7145.58,0
-9740.36,-7161,0
-9738.95,-7163.46,0
-9730.28,-7165.85,0
900046
-9745,-7203,0
4
-9740.15,-7202.29,0
-9748.81,-7199.85,0
-9749.85,-7203.71,0
-9741.19,-7206.15,0
900047
-9752,-7227,0
2
-9747.12,-7226.34,0
-9755.76,-7223.82,0
900048
-9156,-7253,0
6
-9161.51,-7244.34,0
-9163.27,-7260.24,0
-9150.35,-7261.68,0
-9148.59,-7245.77,0
-9150.34,-7243.57,0
-9159.28,-7242.57,0
900049
-9150,-7203,0
4
-9154.71,-7204.45,0
-9145.77,-7205.52,0
-9145.29,-7201.55,0
-9154.23,-7200.48,0
900050
-9147,-7178,0
2
-9151.71,-7179.45,0
-9142.77,-7180.52,0
900051
-7380,-7597,0
6
-7386.18,-7588.81,0
-7386.67,-7604.8,0
-7373.68,-7605.2,0
-7373.18,-7589.21,0
-7375.1,-7587.15,0
-7384.1,-7586.87,0
900052
-7378,-7547,0
4
-7382.58,-7548.82,0
-7373.58,-7549.18,0
-7373.42,-7545.18,0
-7382.42,-7544.82,0
900053
-7377,-7522,0
2
-7381.58,-7523.82,0
-7372.58,-7524.18,0
900054
3293,5721,0
6
3299.69,5711.46,0
3299.06,5730.95,0
3286.06,5730.53,0
3286.7,5711.04,0
3288.74,5709.11,0
3297.73,5709.4,0
900055
3294,5671,0
4
3298.46,5673.13,0
3289.46,5672.86,0
3289.54,5668.87,0
3298.54,5669.14,0
900056
3295,5646,0
2
3299.42,5648.18,0
3290.42,5647.82,0
900057
4198,6041,0
6
4208.51,6033.14,0
4199,6054.08,0
4187.16,6048.71,0
4196.67,6027.77,0
4199.28,6026.76,0
4207.48,6030.48,0
900058
4218,5995,0
4
4221.33,5998.63,0
4213.08,5995.04,0
4214.67,5991.37,0
4222.92,5994.96,0
900059
4228,5972,0
2
4231.33,5975.63,0
4223.08,5972.04,0
900060
5046,6415,0
6
5056.17,6406.62,0
5047.85,6428.06,0
5035.73,6423.36,0
5044.05,6401.92,0
5046.63,6400.77,0
5055.02,6404.03,0
900061
5064,6368,0
4
5067.48,6371.49,0
5059.09,6368.24,0
5060.52,6364.51,0
5068.91,6367.76,0
900062
5073,6345,0
2
5076.46,6348.5,0
5068.08,6345.22,0
900063
5370,6485,0
6
5376.88,6475.57,0
5375.94,6495.05,0
5362.96,6494.42,0
5363.9,6474.94,0
5365.97,6473.04,0
5374.96,6473.48,0
900064
5372,6435,0
4
5376.42,6437.12,0
5367.42,6436.87,0
5367.58,6432.88,0
5376.58,6433.13,0
900065
5373,6370,0
2
5377.47,6372.07,0
5368.47,6371.93,0
900066
7770,8101,0
6
7763.5,8109.02,0
7763.47,8093.02,0
7776.47,8093,0
7776.5,8109,0
7774.5,8111,0
7765.5,8111.02,0
900067
7770,8151,0
4
7765.5,8149,0
7774.5,8149,0
7774.5,8153,0
7765.5,8153,0
900068
7770,8176,0
2
7765.5,8174,0
7774.5,8174,0
900069
7168,7015,0
6
7163.5,7008.5,0
7172.5,7008.5,0
7172.5,7021.5,0
7163.5,7021.5,0
7161.5,7019.5,0
7161.5,7010.5,0
900070
7118,7015,0
4
7120,7010.5,0
7120,7019.5,0
7116,7019.5,0
7116,7010.5,0
900071
7093,7015,0
2
7095,7010.5,0
7095,7019.5,0
900072
-1958,4610,0
6
-1967.31,4614.57,0
-1960.72,4599.99,0
-1948.87,4605.35,0
-1955.46,4619.93,0
-1958.13,4620.92,0
-1966.33,4617.21,0
900073
-1979,4655,0
4
-1982.26,4651.34,0
-1974.05,4655.04,0
-1975.74,4658.66,0
-1983.95,4654.96,0
900074
-1989,4678,0
2
-1992.33,4674.37,0
-1984.08,4677.96,0
900075
-721,5130,0
6
-712.411,5124.31,0
-717.196,5139.58,0
-729.601,5135.69,0
-724.816,5120.42,0
-722.311,5119.11,0
-713.723,5121.8,0
900076
-706,5082,0
4
-702.314,5085.29,0
-710.879,5082.53,0
-709.686,5078.71,0
-701.121,5081.47,0
900077
-698,5058,0
2
-694.363,5061.32,0
-702.902,5058.47,0
900078
8667,8000,0
6
8661.88,8008.97,0
8659.25,7993.18,0
8672.08,7991.05,0
8674.7,8006.83,0
8673.05,8009.13,0
8664.17,8010.61,0
900079
8675,8049,0
4
8670.24,8047.74,0
8679.12,8046.31,0
8679.76,8050.26,0
8670.88,8051.69,0
900080
8679,8074,0
2
8674.24,8072.74,0
8683.13,8071.31,0
900081
7061,7934,0
6
7054.5,7940.25,0
7054.58,7927.75,0
7067.58,7927.83,0
7067.5,7940.33,0
7065.5,7942.31,0
7056.5,7942.25,0
900082
7061,7984,0
4
7056.5,7982,0
7065.5,7982,0
7065.5,7986,0
7056.5,7986,0
900083
7061,8009,0
2
7056.5,8007,0
7065.5,8007,0
900084
7359,7243,0
6
7366.92,7249.66,0
7350.92,7249.47,0
7351.08,7236.47,0
7367.08,7236.66,0
7369.05,7238.7,0
7368.95,7247.7,0
900085
7409,7244,0
4
7406.96,7248.46,0
7407.05,7239.46,0
7411.04,7239.54,0
7410.95,7248.54,0
900086
7433,7244,0
2
7431,7248.5,0
7431,7239.5,0
900087
5945,6494,0
6
5938.5,6505.5,0
5938.5,6482.5,0
5951.5,6482.5,0
5951.5,6505.5,0
5949.5,6507.5,0
5940.5,6507.5,0
900088
5945,6544,0
4
5940.5,6542,0
5949.5,6542,0
5949.5,6546,0
5940.5,6546,0
900089
5945,6569,0
2
5940.5,6567,0
5949.5,6567,0
900090
4237,6974,0
6
4228.07,6979.15,0
4233.79,6964.21,0
4245.93,6968.86,0
4240.21,6983.8,0
4237.62,6984.95,0
4229.22,6981.73,0
900091
4219,7021,0
4
4215.52,7017.51,0
4223.91,7020.76,0
4222.48,7024.49,0
4214.09,7021.24,0
900092
4210,7044,0
2
4206.54,7040.5,0
4214.92,7043.78,0
900093
6353,7141,0
6
6340.03,7133.98,0
6366.52,7134.8,0
6366.11,7147.79,0
6339.63,7146.97,0
6337.67,7144.89,0
6337.95,7135.89,0
900094
6303,7139,0
4
6305.09,7134.58,0
6304.91,7143.58,0
6300.91,7143.42,0
6301.09,7134.42,0
900095
6278,7139,0
2
6280,7134.5,0
6280,7143.5,0
900096
4410,4109,0
6
4423.12,4108.29,0
4403.62,4120.48,0
4396.73,4109.45,0
4416.23,4097.27,0
4418.97,4097.88,0
4423.74,4105.51,0
900097
4452,4082,0
4
4452.68,4086.91,0
4447.96,4079.25,0
4451.32,4077.09,0
4456.04,4084.75,0
900098
4474,4069,0
2
4474.57,4073.89,0
4469.99,4066.14,0
900099
2557,5605,0
6
2549.01,5611.5,0
2552.29,5595.84,0
2565.01,5598.5,0
2561.73,5614.16,0
2559.37,5615.71,0
2550.56,5613.87,0
900100
2547,5653,0
4
2543,5650.14,0
2551.82,5651.94,0
2551,5655.86,0
2542.18,5654.06,0
900101
2542,5678,0
2
2537.98,5675.16,0
2546.8,5676.92,0
900102
869,-4779,0
6
872.185,-4788.7,0
877.712,-4773.68,0
865.51,-4769.19,0
859.983,-4784.21,0
861.131,-4786.76,0
869.579,-4789.87,0
900103
851,-4825,0
4
855.96,-4824.67,0
847.498,-4821.61,0
846.04,-4825.33,0
854.502,-4828.39,0
900104
843,-4849,0
2
847.902,-4848.53,0
839.363,-4845.68,0
900105
-7098,1182,0
6
-7099.41,1171.73,0
-7087.64,1182.57,0
-7096.45,1192.13,0
-7108.22,1181.29,0
-7108.32,1178.44,0
-7102.22,1171.83,0
900106
-7134,1148,0
4
-7129.5,1146.06,0
-7135.59,1152.69,0
-7138.5,1149.94,0
-7132.41,1143.31,0
900107
-7153,1131,0
2
-7148.51,1128.98,0
-7154.51,1135.69,0
900108
-6211,18,0
6
-6220.78,21.4475,0
-6212.51,7.75148,0
-6201.38,14.4723,0
-6209.65,28.1683,0
-6212.41,28.8334,0
-6220.12,24.1803,0
900109
-6237,60,0
4
-6239.8,55.9704,0
-6232.1,60.6285,0
-6234.2,64.0296,0
-6241.9,59.3715,0
900110
-6250,82,0
2
-6252.86,77.9889,0
-6245.11,82.5674,0
900111
-5670,1832,0
6
-5682.75,1835.55,0
-5666.54,1819.23,0
-5657.32,1828.39,0
-5673.52,1844.71,0
-5676.35,1844.72,0
-5682.74,1838.38,0
900112
-5705,1867,0
4
-5706.81,1862.45,0
-5700.36,1868.72,0
-5703.19,1871.55,0
-5709.64,1865.28,0
900113
-5722,1885,0
2
-5723.9,1880.46,0
-5717.36,1886.64,0
900114
-6065,757,0
6
-6057.95,764.393,0
-6073.8,762.217,0
-6072.03,749.336,0
-6056.18,751.512,0
-6054.46,753.732,0
-6055.69,762.65,0
900115
-6015,763,0
4
-6017.62,767.216,0
-6016.35,758.307,0
-6012.38,758.784,0
-6013.65,767.693,0
900116
-5991,767,0
2
-5993.71,771.11,0
-5992.23,762.232,0
900117
-9862,-4628,0
6
-9852.88,-4632.68,0
-9859.42,-4618.08,0
-9871.28,-4623.4,0
-9864.74,-4638,0
-9862.12,-4639.01,0
-9853.91,-4635.33,0
900118
-9842,-4674,0
4
-9838.72,-4670.26,0
-9846.87,-4674.07,0
-9845.28,-4677.74,0
-9837.13,-4673.93,0
900119
-9831,-4696,0
2
-9827.87,-4692.2,0
-9835.92,-4696.22,0
900120
-7909,8781,0
6
-7902.5,8772.92,0
-7902.3,8788.92,0
-7915.3,8789.08,0
-7915.5,8773.08,0
-7913.5,8771.05,0
-7904.5,8770.94,0
900121
-7909,8731,0
4
-7904.5,8733,0
-7913.5,8733,0
-7913.5,8729,0
-7904.5,8729,0
900122
-7909,8706,0
2
-7904.5,8708,0
-7913.5,8708,0
