0,86400000,232,3000,60,80,2,123,285
0,86400000,232,3010,0,80,0
0,86400000,232,3020,60,20,2,123,285
0,86400000,232,3030,0,20,0
0,86400000,232,3040,20,20,0
0,86400000,232,3050,0,20,0
0,86400000,232,3060,20,20,0
0,86400000,232,4000,60,80,1,20156
0,86400000,232,4010,30,20,2,128,1054
0,86400000,232,4020,15,80,0
0,86400000,232,5000,20,80,3,20156,79,135
0,86400000,232,5010,20,20,0
0,86400000,232,5020,40,20,2,110,402
0,86400000,232,5030,40,20,1,20156
0,86400000,232,5040,20,20,0
0,86400000,232,6000,50,20,2,109,402
0,86400000,232,6010,50,20,2,109,402
0,86400000,232,6020,50,80,2,109,402
0,86400000,232,6030,10,80,0
0,86400000,232,6040,60,80,2,123,285
0,86400000,232,7060,180,80,1,128
0,86400000,232,8777,0,80,0
0,86400000,232,8878,0,80,0
0,86400000,232,9161,0,20,0
0,86400000,232,9743,0,20,0
0,86400000,232,9760,0,20,0
0,86400000,232,9761,0,20,0
0,86400000,232,9823,0,80,0
0,86400000,232,10305,0,80,0
0,86400000,232,11100,20,80,0
0,86400000,232,11101,10,80,0
0,86400000,232,11102,20,20,0
0,86400000,232,11341,0,80,0
0,86400000,232,11367,0,20,0
0,86400000,232,11388,0,80,0
0,86400000,232,20011,0,20,0
0,86400000,232,20012,0,80,0
0,86400000,232,20014,0,80,0
0,86400000,232,20019,10,20,0
0,86400000,232,20020,0,20,0
0,86400000,232,20031,0,80,0
0,86400000,232,20105,0,20,0
0,86400000,232,20124,0,80,0
0,86400000,232,20125,0,20,0
0,86400000,232,20139,20,20,0
0,86400000,232,20153,0,80,0
0,86400000,3000,232,0,20,0
0,86400000,3000,3010,0,20,0
0,86400000,3000,3020,0,80,0
0,86400000,3000,3030,0,20,0
0,86400000,3000,3040,0,20,0
0,86400000,3000,3050,20,80,0
0,86400000,3000,3060,0,20,0
0,86400000,3000,4000,0,20,0
0,86400000,3000,4010,0,80,0
0,86400000,3000,4020,30,20,1,206
0,86400000,3000,5000,40,20,1,323
0,86400000,3000,5010,0,20,0
0,86400000,3000,5020,30,80,2,320,999
0,86400000,3000,5030,40,20,1,20156
0,86400000,3000,5040,40,20,2,320,323
0,86400000,3000,6000,40,80,0
0,86400000,3000,6010,0,20,0
0,86400000,3000,6020,0,20,0
0,86400000,3000,6030,0,80,0
0,86400000,3000,6040,0,20,0
0,86400000,3000,7070,5,80,0
0,86400000,3000,7080,5,20,0
0,86400000,3000,8777,0,20,0
0,86400000,3000,8878,10,20,0
0,86400000,3000,9161,0,80,0
0,86400000,3000,9743,0,80,0
0,86400000,3000,9760,0,80,0
0,86400000,3000,9761,0,80,0
0,86400000,3000,9823,0,20,0
0,86400000,3000,10305,20,20,1,285
0,86400000,3000,11100,0,80,0
0,86400000,3000,11101,20,20,1,285
0,86400000,3000,11102,0,80,0
0,86400000,3000,11341,10,20,0
0,86400000,3000,11367,0,80,0
0,86400000,3000,11388,0,20,0
0,86400000,3000,20011,10,20,0
0,86400000,3000,20012,0,20,0
0,86400000,3000,20014,5,80,0
0,86400000,3000,20019,0,20,0
0,86400000,3000,20020,10,20,0
0,86400000,3000,20031,0,20,0
0,86400000,3000,20105,0,80,0
0,86400000,3000,20124,10,80,0
0,86400000,3000,20125,5,20,0
0,86400000,3000,20139,0,80,0
0,86400000,3000,20153,10,20,0
0,86400000,3010,232,0,20,0
0,86400000,3010,3000,0,20,0
0,86400000,3010,3020,0,20,0
0,86400000,3010,3030,50,80,0
0,86400000,3010,3040,0,80,0
0,86400000,3010,3050,20,20,0
0,86400000,3010,3060,10,20,0
0,86400000,3010,4000,0,80,0
0,86400000,3010,4010,0,20,0
0,86400000,3010,4020,10,80,1,285
0,86400000,3010,5000,0,80,0
0,86400000,3010,5010,70,80,0
0,86400000,3010,5020,60,80,2,190,339
0,86400000,3010,5030,0,20,0
0,86400000,3010,5040,20,20,0
0,86400000,3010,6000,0,80,0
0,86400000,3010,6010,26.3938,80,0
0,86400000,3010,6020,0,80,0
0,86400000,3010,6030,0,80,0
0,86400000,3010,6040,50,80,0
0,86400000,3010,7070,5,80,0
0,86400000,3010,8777,0,20,0
0,86400000,3010,8878,10,20,1,285
0,86400000,3010,9161,0,80,0
0,86400000,3010,9743,0,80,0
0,86400000,3010,9760,20,80,1,285
0,86400000,3010,9761,0,20,0
0,86400000,3010,9823,0,20,0
0,86400000,3010,10305,0,80,0
0,86400000,3010,11100,0,80,0
0,86400000,3010,11101,0,80,0
0,86400000,3010,11102,10,20,0
0,86400000,3010,11341,0,20,0
0,86400000,3010,11367,0,20,0
0,86400000,3010,11388,0,20,0
0,86400000,3010,20011,20,20,1,285
0,86400000,3010,20012,0,80,0
0,86400000,3010,20014,0,80,0
0,86400000,3010,20019,0,20,0
0,86400000,3010,20020,0,20,0
0,86400000,3010,20031,10,80,0
0,86400000,3010,20105,0,80,0
0,86400000,3010,20124,0,80,0
0,86400000,3010,20125,0,20,0
0,86400000,3010,20139,0,80,0
0,86400000,3010,20153,0,20,0
0,86400000,3020,232,0,80,0
0,86400000,3020,3000,0,80,0
0,86400000,3020,3010,60,20,1,740
0,86400000,3020,3030,0,20,0
0,86400000,3020,3040,0,20,0
0,86400000,3020,3050,10,20,0
0,86400000,3020,3060,30,20,0
0,86400000,3020,4000,0,20,0
0,86400000,3020,4010,0,20,0
0,86400000,3020,4020,0,20,0
0,86400000,3020,5000,30,20,1,323
0,86400000,3020,5010,0,80,0
0,86400000,3020,5020,50,80,2,320,999
0,86400000,3020,5030,40,80,1,20156
0,86400000,3020,5040,40,20,2,320,323
0,86400000,3020,6000,0,20,0
0,86400000,3020,6010,0,80,0
0,86400000,3020,6020,0,80,0
0,86400000,3020,6030,0,80,0
0,86400000,3020,6040,0,20,0
0,86400000,3020,8777,15,20,1,285
0,86400000,3020,8878,0,20,0
0,86400000,3020,9161,0,20,0
0,86400000,3020,9743,10,20,1,285
0,86400000,3020,9760,0,80,0
0,86400000,3020,9761,17.9579,80,1,285
0,86400000,3020,9823,0,20,0
0,86400000,3020,10305,0,20,0
0,86400000,3020,11100,0,20,0
0,86400000,3020,11101,0,20,0
0,86400000,3020,11102,20,20,1,285
0,86400000,3020,11341,20,20,1,285
0,86400000,3020,11367,0,20,0
0,86400000,3020,11388,0,20,0
0,86400000,3020,20011,10,20,1,285
0,86400000,3020,20012,0,20,0
0,86400000,3020,20014,0,20,0
0,86400000,3020,20019,0,80,0
0,86400000,3020,20020,0,80,0
0,86400000,3020,20031,10,80,1,285
0,86400000,3020,20105,0,20,0
0,86400000,3020,20124,0,80,0
0,86400000,3020,20125,10,20,1,285
0,86400000,3020,20139,0,20,0
0,86400000,3020,20153,0,20,0
0,86400000,3030,232,0,20,0
0,86400000,3030,3000,0,20,0
0,86400000,3030,3010,20,80,0
0,86400000,3030,3020,20,20,0
0,86400000,3030,3040,0,20,0
0,86400000,3030,3050,100,20,1,62
0,86400000,3030,3060,0,80,0
0,86400000,3030,4000,0,80,0
0,86400000,3030,4010,20,20,0
0,86400000,3030,4020,20,20,0
0,86400000,3030,5000,35,80,5,189,9699,20156,79,135
0,86400000,3030,5010,0,20,0
0,86400000,3030,5020,0,20,0
0,86400000,3030,5030,0,20,0
0,86400000,3030,5040,0,20,0
0,86400000,3030,6000,30,80,0
0,86400000,3030,6010,0,20,0
0,86400000,3030,6020,0,20,0
0,86400000,3030,6030,850,20,0
0,86400000,3030,6040,30,20,0
0,86400000,3030,8777,0,80,0
0,86400000,3030,8878,30,20,0
0,86400000,3030,9161,0,20,0
0,86400000,3030,9743,30,80,0
0,86400000,3030,9760,0,20,0
0,86400000,3030,9761,30,80,0
0,86400000,3030,9823,30,80,0
0,86400000,3030,10305,30,20,0
0,86400000,3030,11100,0,80,0
0,86400000,3030,11101,30,80,0
0,86400000,3030,11102,0,80,0
0,86400000,3030,11341,0,80,0
0,86400000,3030,11367,30,80,0
0,86400000,3030,11388,30,80,0
0,86400000,3030,20011,0,20,0
0,86400000,3030,20012,30,20,0
0,86400000,3030,20014,0,80,0
0,86400000,3030,20019,0,80,0
0,86400000,3030,20020,30,80,0
0,86400000,3030,20031,0,20,0
0,86400000,3030,20105,30,20,0
0,86400000,3030,20124,0,20,0
0,86400000,3030,20125,30,80,0
0,86400000,3030,20139,30,20,0
0,86400000,3030,20153,30,20,0
0,86400000,3040,232,10,20,0
0,86400000,3040,3000,30,20,2,123,285
0,86400000,3040,3010,50,80,1,62
0,86400000,3040,3020,30,80,2,123,285
0,86400000,3040,3030,50,80,0
0,86400000,3040,3050,150,20,1,189
0,86400000,3040,3060,10,20,0
0,86400000,3040,4000,10,20,0
0,86400000,3040,4010,30,80,1,79
0,86400000,3040,4020,10,80,0
0,86400000,3040,5000,80,80,4,9699,20156,79,135
0,86400000,3040,5010,80,20,1,62
0,86400000,3040,5020,10,80,0
0,86400000,3040,5030,10,20,0
0,86400000,3040,5040,0,80,0
0,86400000,3040,6000,145,20,0
0,86400000,3040,6010,5,80,0
0,86400000,3040,6020,5,20,0
0,86400000,3040,6030,60,80,1,62
0,86400000,3040,6040,30,80,2,123,285
0,86400000,3040,8777,0,80,0
0,86400000,3040,8878,30,20,0
0,86400000,3040,9161,0,20,0
0,86400000,3040,9743,0,20,0
0,86400000,3040,9760,0,20,0
0,86400000,3040,9761,30,80,0
0,86400000,3040,9823,0,20,0
0,86400000,3040,10305,35,80,0
0,86400000,3040,11100,0,80,0
0,86400000,3040,11101,35,20,0
0,86400000,3040,11102,0,20,0
0,86400000,3040,11341,5,20,0
0,86400000,3040,11367,0,20,0
0,86400000,3040,11388,0,20,0
0,86400000,3040,20011,0,80,0
0,86400000,3040,20012,35,80,0
0,86400000,3040,20014,5,20,0
0,86400000,3040,20019,0,80,0
0,86400000,3040,20020,20,80,0
0,86400000,3040,20031,0,80,0
0,86400000,3040,20105,0,80,0
0,86400000,3040,20124,0,80,0
0,86400000,3040,20125,30,80,0
0,86400000,3040,20139,30,80,0
0,86400000,3040,20153,0,20,0
0,86400000,3050,232,0,80,0
0,86400000,3050,3000,0,80,0
0,86400000,3050,3010,30,20,1,280
0,86400000,3050,3020,0,80,0
0,86400000,3050,3030,60,20,1,188
0,86400000,3050,3040,60,20,1,188
0,86400000,3050,3060,30,20,0
0,86400000,3050,4000,30,20,0
0,86400000,3050,4010,150,20,2,79,10884
0,86400000,3050,4020,0,80,0
0,86400000,3050,5000,100,20,1,79
0,86400000,3050,5010,60,80,1,280
0,86400000,3050,5020,40,80,4,79,136,316,20161
0,86400000,3050,5030,0,20,0
0,86400000,3050,5040,40,80,4,79,136,316,20161
0,86400000,3050,6000,50,80,2,20163,20164
0,86400000,3050,6010,30,80,2,20163,20164
0,86400000,3050,6020,0,20,0
0,86400000,3050,6030,70,20,1,280
0,86400000,3050,6040,0,80,0
0,86400000,3050,7060,20,80,2,20163,20164
0,86400000,3050,7070,25,20,2,20163,20164
0,86400000,3050,7090,25,20,2,20163,20164
0,86400000,3050,8777,10,20,0
0,86400000,3050,8878,10,80,0
0,86400000,3050,9161,10,20,0
0,86400000,3050,9743,10,20,0
0,86400000,3050,9760,0,20,0
0,86400000,3050,9761,10,80,0
0,86400000,3050,9823,0,20,0
0,86400000,3050,10305,0,80,0
0,86400000,3050,11100,10,20,0
0,86400000,3050,11101,0,80,0
0,86400000,3050,11102,0,80,0
0,86400000,3050,11341,10,20,0
0,86400000,3050,11367,0,20,0
0,86400000,3050,11388,10,20,0
0,86400000,3050,20011,10,20,0
0,86400000,3050,20012,15,80,0
0,86400000,3050,20014,10,20,0
0,86400000,3050,20019,10,20,0
0,86400000,3050,20020,0,20,0
0,86400000,3050,20031,0,20,0
0,86400000,3050,20105,0,20,0
0,86400000,3050,20124,10,20,0
0,86400000,3050,20125,5,20,0
0,86400000,3050,20139,40,80,1,9800
0,86400000,3050,20153,0,20,0
0,86400000,3060,232,0,80,0
0,86400000,3060,3000,30,80,2,123,285
0,86400000,3060,3010,30,80,2,123,285
0,86400000,3060,3020,30,80,2,123,285
0,86400000,3060,3030,0,20,0
0,86400000,3060,3040,0,20,0
0,86400000,3060,3050,10,20,0
0,86400000,3060,4000,6.9706,20,0
0,86400000,3060,4010,10,20,0
0,86400000,3060,4020,10,80,0
0,86400000,3060,5000,30,20,2,383,128
0,86400000,3060,5010,30,80,0
0,86400000,3060,5020,10,80,0
0,86400000,3060,5030,0,20,0
0,86400000,3060,5040,10,80,0
0,86400000,3060,6000,30,80,1,109
0,86400000,3060,6010,30,20,1,109
0,86400000,3060,6020,40,20,1,109
0,86400000,3060,6030,0,20,0
0,86400000,3060,6040,0,20,0
0,86400000,3060,8777,0,20,0
0,86400000,3060,8878,0,20,0
0,86400000,3060,9161,0,20,0
0,86400000,3060,9743,0,20,0
0,86400000,3060,9760,0,20,0
0,86400000,3060,9761,0,80,0
0,86400000,3060,9823,0,20,0
0,86400000,3060,10305,0,20,0
0,86400000,3060,11100,0,20,0
0,86400000,3060,11101,10,20,0
0,86400000,3060,11102,0,20,0
0,86400000,3060,11341,0,20,0
0,86400000,3060,11367,0,80,0
0,86400000,3060,11388,0,80,0
0,86400000,3060,20011,10,20,0
0,86400000,3060,20012,0,20,0
0,86400000,3060,20014,0,80,0
0,86400000,3060,20019,0,20,0
0,86400000,3060,20020,0,80,0
0,86400000,3060,20031,30,20,0
0,86400000,3060,20105,0,80,0
0,86400000,3060,20124,30,80,0
0,86400000,3060,20125,10,80,0
0,86400000,3060,20139,0,20,0
0,86400000,3060,20153,20,20,0
0,86400000,4000,232,200,20,2,11347,20156
0,86400000,4000,3000,50,20,2,291,20156
0,86400000,4000,3010,50,80,2,291,20156
0,86400000,4000,3020,50,80,2,291,20156
0,86400000,4000,3030,10,20,0
0,86400000,4000,3040,0,80,0
0,86400000,4000,3050,70,20,2,10859,10866
0,86400000,4000,3060,30,20,1,291
0,86400000,4000,4010,50,80,1,757
0,86400000,4000,4020,30,80,0
0,86400000,4000,5000,30,80,1,79
0,86400000,4000,5010,0,80,0
0,86400000,4000,5020,40,80,1,42
0,86400000,4000,5030,200,80,2,254,757
0,86400000,4000,5040,0,20,0
0,86400000,4000,6000,30,20,1,42
0,86400000,4000,6010,30,20,1,42
0,86400000,4000,6020,30,20,1,42
0,86400000,4000,6030,50,20,1,280
0,86400000,4000,6040,20,20,1,291
0,86400000,4000,7060,60,20,1,79
0,86400000,4000,7070,5,20,0
0,86400000,4000,8777,10,20,1,291
0,86400000,4000,8878,20,20,1,254
0,86400000,4000,9161,0,20,0
0,86400000,4000,9743,10,80,0
0,86400000,4000,9760,20,20,1,254
0,86400000,4000,9761,10,80,0
0,86400000,4000,9823,20,80,0
0,86400000,4000,10305,5,20,0
0,86400000,4000,11100,0,80,0
0,86400000,4000,11101,5,80,0
0,86400000,4000,11102,0,20,0
0,86400000,4000,11341,0,20,0
0,86400000,4000,11367,5,20,0
0,86400000,4000,11388,0,80,0
0,86400000,4000,20011,0,20,0
0,86400000,4000,20012,5,20,0
0,86400000,4000,20014,0,80,0
0,86400000,4000,20019,20,20,1,291
0,86400000,4000,20020,20,80,1,291
0,86400000,4000,20031,3,20,0
0,86400000,4000,20105,20,20,1,291
0,86400000,4000,20124,5,80,0
0,86400000,4000,20125,0,20,0
0,86400000,4000,20139,30,80,2,9800,10884
0,86400000,4000,20153,10,20,0
0,86400000,4010,232,10,20,0
0,86400000,4010,3000,10,20,0
0,86400000,4010,3010,0,20,0
0,86400000,4010,3020,10,20,0
0,86400000,4010,3030,10,20,0
0,86400000,4010,3040,10,20,0
0,86400000,4010,3050,60,20,1,79
0,86400000,4010,3060,10,80,0
0,86400000,4010,4000,15,20,0
0,86400000,4010,4020,15,20,0
0,86400000,4010,5000,400,20,1,259
0,86400000,4010,5010,10,80,0
0,86400000,4010,5020,50,20,2,135,136
0,86400000,4010,5030,0,20,0
0,86400000,4010,5040,50,20,2,135,136
0,86400000,4010,6000,10,20,0
0,86400000,4010,6010,2000,80,0
0,86400000,4010,6020,30,80,0
0,86400000,4010,6030,10,20,0
0,86400000,4010,6040,20,20,0
0,86400000,4010,7060,100,20,1,20166
0,86400000,4010,8777,10,20,0
0,86400000,4010,8878,10,20,0
0,86400000,4010,9161,0,80,0
0,86400000,4010,9743,0,20,0
0,86400000,4010,9760,10,80,0
0,86400000,4010,9761,10,20,0
0,86400000,4010,9823,10,80,0
0,86400000,4010,10305,10,20,0
0,86400000,4010,11100,0,80,0
0,86400000,4010,11101,10,20,0
0,86400000,4010,11102,10,20,0
0,86400000,4010,11341,0,20,0
0,86400000,4010,11367,0,20,0
0,86400000,4010,11388,5,20,0
0,86400000,4010,20011,10,80,0
0,86400000,4010,20012,0,80,0
0,86400000,4010,20014,0,80,0
0,86400000,4010,20019,10,20,0
0,86400000,4010,20020,0,20,0
0,86400000,4010,20031,10,20,0
0,86400000,4010,20105,0,20,0
0,86400000,4010,20124,0,20,0
0,86400000,4010,20125,0,80,0
0,86400000,4010,20139,30,20,1,9800
0,86400000,4010,20153,10,80,0
0,86400000,4020,232,30,80,2,162,20162
0,86400000,4020,3000,20,20,2,162,20162
0,86400000,4020,3010,0,20,0
0,86400000,4020,3020,20,80,2,162,20162
0,86400000,4020,3030,0,80,0
0,86400000,4020,3040,15.1642,20,0
0,86400000,4020,3050,20,80,1,291
0,86400000,4020,3060,0,20,0
0,86400000,4020,4000,0,80,0
0,86400000,4020,4010,50,20,1,757
0,86400000,4020,5000,40,80,1,79
0,86400000,4020,5010,0,80,0
0,86400000,4020,5020,10,80,0
0,86400000,4020,5030,200,20,1,757
0,86400000,4020,5040,0,20,0
0,86400000,4020,6000,20,20,2,109,20165
0,86400000,4020,6010,10,80,2,109,20165
0,86400000,4020,6020,20,20,2,109,20165
0,86400000,4020,6030,0,20,0
0,86400000,4020,6040,0,20,0
0,86400000,4020,7060,20,20,2,20163,20164
0,86400000,4020,7070,10,20,0
0,86400000,4020,8777,10,80,1,291
0,86400000,4020,8878,0,20,0
0,86400000,4020,9161,0,20,0
0,86400000,4020,9743,5,20,0
0,86400000,4020,9760,0,20,0
0,86400000,4020,9761,0,80,0
0,86400000,4020,9823,0,80,0
0,86400000,4020,10305,0,20,0
0,86400000,4020,11100,0,20,0
0,86400000,4020,11101,0,80,0
0,86400000,4020,11102,0,20,0
0,86400000,4020,11341,5,20,0
0,86400000,4020,11367,0,20,0
0,86400000,4020,11388,0,80,0
0,86400000,4020,20011,0,80,0
0,86400000,4020,20012,0,20,0
0,86400000,4020,20014,10,20,0
0,86400000,4020,20019,10,20,1,291
0,86400000,4020,20020,10,20,1,291
0,86400000,4020,20031,0,80,0
0,86400000,4020,20105,20,80,1,291
0,86400000,4020,20124,0,80,0
0,86400000,4020,20125,0,80,0
0,86400000,4020,20139,0,20,0
0,86400000,4020,20153,0,20,0
0,86400000,5000,232,20,80,2,20162,162
0,86400000,5000,3000,10,80,0
0,86400000,5000,3010,20,80,0
0,86400000,5000,3020,20,20,2,20162,162
0,86400000,5000,3030,10,80,0
0,86400000,5000,3040,30,20,1,135
0,86400000,5000,3050,80,80,2,135,10859
0,86400000,5000,3060,20,20,2,20162,162
0,86400000,5000,4000,80,80,2,136,79
0,86400000,5000,4010,0,20,0
0,86400000,5000,4020,80,20,2,136,79
0,86400000,5000,5010,30,20,0
0,86400000,5000,5020,100,80,1,339
0,86400000,5000,5030,0,80,0
0,86400000,5000,5040,20,20,0
0,86400000,5000,6000,160,20,2,249,339
0,86400000,5000,6010,80,80,1,339
0,86400000,5000,6020,80,20,1,339
0,86400000,5000,6030,0,20,0
0,86400000,5000,6040,30,80,2,151,320
0,86400000,5000,7060,10,20,0
0,86400000,5000,7070,40,80,1,323
0,86400000,5000,8777,40,20,1,135
0,86400000,5000,8878,40,80,1,135
0,86400000,5000,9161,30,20,1,135
0,86400000,5000,9743,10,20,0
0,86400000,5000,9760,35,20,1,135
0,86400000,5000,9761,20,80,0
0,86400000,5000,9823,5,20,0
0,86400000,5000,10305,20,20,0
0,86400000,5000,11100,20,80,0
0,86400000,5000,11101,0,80,0
0,86400000,5000,11102,30,80,1,135
0,86400000,5000,11341,20,20,0
0,86400000,5000,11367,20,20,0
0,86400000,5000,11388,40,20,1,135
0,86400000,5000,20011,5,80,0
0,86400000,5000,20012,30,20,1,135
0,86400000,5000,20014,20,80,0
0,86400000,5000,20019,40,20,1,135
0,86400000,5000,20020,30,20,1,135
0,86400000,5000,20031,5,20,0
0,86400000,5000,20105,0,80,0
0,86400000,5000,20124,10,20,0
0,86400000,5000,20125,0,20,0
0,86400000,5000,20139,30,20,2,135,9800
0,86400000,5000,20153,0,20,0
0,86400000,5010,232,0,20,0
0,86400000,5010,3000,0,20,0
0,86400000,5010,3010,300,80,0
0,86400000,5010,3020,0,80,0
0,86400000,5010,3030,400,20,0
0,86400000,5010,3040,0,80,0
0,86400000,5010,3050,110,20,3,41,168,62
0,86400000,5010,3060,0,20,0
0,86400000,5010,4000,0,20,0
0,86400000,5010,4010,0,20,0
0,86400000,5010,4020,0,20,0
0,86400000,5010,5000,0,20,0
0,86400000,5010,5020,300,80,1,339
0,86400000,5010,5030,0,80,0
0,86400000,5010,5040,0,20,0
0,86400000,5010,6000,50,80,2,249,339
0,86400000,5010,6010,50,80,1,339
0,86400000,5010,6020,50,20,1,339
0,86400000,5010,6030,250,20,0
0,86400000,5010,6040,0,20,0
0,86400000,5010,7070,40,20,2,339,999
0,86400000,5010,8777,0,80,0
0,86400000,5010,8878,0,80,0
0,86400000,5010,9161,0,20,0
0,86400000,5010,9743,0,20,0
0,86400000,5010,9760,0,80,0
0,86400000,5010,9761,0,20,0
0,86400000,5010,9823,0,20,0
0,86400000,5010,10305,0,20,0
0,86400000,5010,11100,0,20,0
0,86400000,5010,11101,0,20,0
0,86400000,5010,11102,0,80,0
0,86400000,5010,11341,0,20,0
0,86400000,5010,11367,0,80,0
0,86400000,5010,11388,0,20,0
0,86400000,5010,20011,0,20,0
0,86400000,5010,20012,0,80,0
0,86400000,5010,20014,0,80,0
0,86400000,5010,20019,0,20,0
0,86400000,5010,20020,0,80,0
0,86400000,5010,20031,0,20,0
0,86400000,5010,20105,0,20,0
0,86400000,5010,20124,0,80,0
0,86400000,5010,20125,0,20,0
0,86400000,5010,20139,0,20,0
0,86400000,5010,20153,0,20,0
0,86400000,5020,232,20,80,1,128
0,86400000,5020,3000,20,80,2,89,373
0,86400000,5020,3010,0,20,0
0,86400000,5020,3020,30,20,3,373,320,267
0,86400000,5020,3030,0,20,0
0,86400000,5020,3040,0,20,0
0,86400000,5020,3050,30,20,3,373,110,396
0,86400000,5020,3060,0,20,0
0,86400000,5020,4000,30,20,1,334
0,86400000,5020,4010,0,80,0
0,86400000,5020,4020,30,20,1,334
0,86400000,5020,5000,0,80,0
0,86400000,5020,5010,0,80,0
0,86400000,5020,5030,0,20,0
0,86400000,5020,5040,0,20,0
0,86400000,5020,6000,40,20,1,367
0,86400000,5020,6010,20,20,1,373
0,86400000,5020,6020,10,20,1,373
0,86400000,5020,6030,0,20,0
0,86400000,5020,6040,20,20,1,373
0,86400000,5020,8777,0,80,0
0,86400000,5020,8878,0,80,0
0,86400000,5020,9161,0,20,0
0,86400000,5020,9743,0,80,0
0,86400000,5020,9760,0,20,0
0,86400000,5020,9761,0,80,0
0,86400000,5020,9823,0,80,0
0,86400000,5020,10305,30,80,1,135
0,86400000,5020,11100,0,20,0
0,86400000,5020,11101,20,20,1,135
0,86400000,5020,11102,30,20,1,135
0,86400000,5020,11341,0,20,0
0,86400000,5020,11367,0,20,0
0,86400000,5020,11388,10,20,0
0,86400000,5020,20011,0,20,0
0,86400000,5020,20012,0,20,0
0,86400000,5020,20014,0,80,0
0,86400000,5020,20019,0,20,0
0,86400000,5020,20020,30,80,0
0,86400000,5020,20031,0,80,0
0,86400000,5020,20105,30,80,1,135
0,86400000,5020,20124,30,80,1,135
0,86400000,5020,20125,30,80,1,135
0,86400000,5020,20139,0,20,0
0,86400000,5020,20153,0,20,0
0,86400000,5030,232,20,80,2,20162,162
0,86400000,5030,3000,100,20,2,11347,20156
0,86400000,5030,3010,0,20,0
0,86400000,5030,3020,100,20,3,285,11347,20156
0,86400000,5030,3030,100,80,2,11347,20156
0,86400000,5030,3040,200,80,2,11347,20156
0,86400000,5030,3050,10,80,0
0,86400000,5030,3060,10,20,0
0,86400000,5030,4000,100,20,0
0,86400000,5030,4010,0,80,0
0,86400000,5030,4020,100,20,0
0,86400000,5030,5000,20,80,0
0,86400000,5030,5010,0,20,0
0,86400000,5030,5020,0,20,0
0,86400000,5030,5040,10,20,0
0,86400000,5030,6000,0,20,0
0,86400000,5030,6010,0,20,0
0,86400000,5030,6020,10,20,0
0,86400000,5030,6030,10,20,0
0,86400000,5030,6040,0,20,0
0,86400000,5030,7060,15,20,0
0,86400000,5030,7070,5,20,0
0,86400000,5030,8777,10,20,0
0,86400000,5030,8878,0,80,0
0,86400000,5030,9161,0,20,0
0,86400000,5030,9743,0,20,0
0,86400000,5030,9760,0,80,0
0,86400000,5030,9761,10,20,0
0,86400000,5030,9823,0,20,0
0,86400000,5030,10305,0,80,0
0,86400000,5030,11100,0,80,0
0,86400000,5030,11101,10,80,0
0,86400000,5030,11102,0,80,0
0,86400000,5030,11341,10,20,0
0,86400000,5030,11367,0,80,0
0,86400000,5030,11388,0,20,0
0,86400000,5030,20011,0,20,0
0,86400000,5030,20012,0,20,0
0,86400000,5030,20014,10,20,0
0,86400000,5030,20019,10,80,0
0,86400000,5030,20020,0,20,0
0,86400000,5030,20031,10,20,0
0,86400000,5030,20105,0,20,0
0,86400000,5030,20124,0,80,0
0,86400000,5030,20125,10,20,0
0,86400000,5030,20139,30,80,1,9800
0,86400000,5030,20153,10,80,0
0,86400000,5040,232,15,20,1,128
0,86400000,5040,3000,30,80,1,323
0,86400000,5040,3010,0,80,0
0,86400000,5040,3020,30,20,1,323
0,86400000,5040,3030,0,80,0
0,86400000,5040,3040,5,20,0
0,86400000,5040,3050,20,20,0
0,86400000,5040,3060,0,20,0
0,86400000,5040,4000,30,80,1,334
0,86400000,5040,4010,0,20,0
0,86400000,5040,4020,30,80,1,334
0,86400000,5040,5000,0,20,0
0,86400000,5040,5010,0,20,0
0,86400000,5040,5020,400,80,0
0,86400000,5040,5030,10,20,0
0,86400000,5040,6000,130,80,2,367,250
0,86400000,5040,6010,10,20,1,373
0,86400000,5040,6020,10,20,1,373
0,86400000,5040,6030,0,20,0
0,86400000,5040,6040,30,20,2,54,373
0,86400000,5040,7060,5,20,0
0,86400000,5040,7070,40,20,1,323
0,86400000,5040,8777,0,20,0
0,86400000,5040,8878,0,20,0
0,86400000,5040,9161,0,80,0
0,86400000,5040,9743,0,80,0
0,86400000,5040,9760,40,20,3,335,358,11413
0,86400000,5040,9761,0,20,0
0,86400000,5040,9823,10,80,0
0,86400000,5040,10305,0,20,0
0,86400000,5040,11100,30,20,3,335,358,11413
0,86400000,5040,11101,10,20,0
0,86400000,5040,11102,0,20,0
0,86400000,5040,11341,0,80,0
0,86400000,5040,11367,20,20,1,334
0,86400000,5040,11388,0,80,0
0,86400000,5040,20011,0,80,0
0,86400000,5040,20012,0,20,0
0,86400000,5040,20014,20,80,1,334
0,86400000,5040,20019,0,80,0
0,86400000,5040,20020,0,20,0
0,86400000,5040,20031,0,80,0
0,86400000,5040,20105,0,80,0
0,86400000,5040,20124,30,20,3,335,358,11413
0,86400000,5040,20125,40,80,3,335,358,11413
0,86400000,5040,20139,0,80,0
0,86400000,5040,20153,10,20,0
0,86400000,6000,232,20,80,1,128
0,86400000,6000,3000,20,20,2,52,89
0,86400000,6000,3010,0,80,0
0,86400000,6000,3020,30,80,2,111,320
0,86400000,6000,3030,0,20,0
0,86400000,6000,3040,30,20,0
0,86400000,6000,3050,10,20,0
0,86400000,6000,3060,30,20,2,109,402
0,86400000,6000,4000,40,20,5,109,402,395,396,20156
0,86400000,6000,4010,30,80,0
0,86400000,6000,4020,30,20,2,109,402
0,86400000,6000,5000,30,80,1,361
0,86400000,6000,5010,0,20,0
0,86400000,6000,5020,20,20,0
0,86400000,6000,5030,20,80,0
0,86400000,6000,5040,30,20,0
0,86400000,6000,6010,60,20,0
0,86400000,6000,6020,60,20,0
0,86400000,6000,6030,0,20,0
0,86400000,6000,6040,10,20,0
0,86400000,6000,7080,80,80,0
0,86400000,6000,8777,30,80,3,111,395,396
0,86400000,6000,8878,0,20,0
0,86400000,6000,9161,30,80,1,111
0,86400000,6000,9743,0,20,0
0,86400000,6000,9760,0,20,0
0,86400000,6000,9761,20,20,1,111
0,86400000,6000,9823,20,20,1,111
0,86400000,6000,10305,0,20,0
0,86400000,6000,11100,15,80,0
0,86400000,6000,11101,0,20,0
0,86400000,6000,11102,10,20,0
0,86400000,6000,11341,30,80,1,111
0,86400000,6000,11367,30,80,1,111
0,86400000,6000,11388,0,20,0
0,86400000,6000,20011,10,20,0
0,86400000,6000,20012,17.5531,80,0
0,86400000,6000,20014,30,20,1,111
0,86400000,6000,20019,30,20,3,111,395,396
0,86400000,6000,20020,10,20,0
0,86400000,6000,20031,0,20,0
0,86400000,6000,20105,0,80,0
0,86400000,6000,20124,10,20,0
0,86400000,6000,20125,0,20,0
0,86400000,6000,20139,30,80,1,111
0,86400000,6000,20153,20,20,1,111
0,86400000,6010,232,30,80,1,128
0,86400000,6010,3000,0,20,0
0,86400000,6010,3010,30,20,2,111,320
0,86400000,6010,3020,10,80,2,111,320
0,86400000,6010,3030,10,20,2,111,320
0,86400000,6010,3040,30,80,2,111,320
0,86400000,6010,3050,20,20,4,109,401,395,396
0,86400000,6010,3060,20,20,2,111,320
0,86400000,6010,4000,10,80,2,109,401
0,86400000,6010,4010,500,80,0
0,86400000,6010,4020,10,20,2,109,401
0,86400000,6010,5000,20,20,1,323
0,86400000,6010,5010,30,80,0
0,86400000,6010,5020,30,20,1,45
0,86400000,6010,5030,10,20,0
0,86400000,6010,5040,30,80,1,45
0,86400000,6010,6000,30,20,0
0,86400000,6010,6020,0,80,0
0,86400000,6010,6030,30,80,0
0,86400000,6010,6040,30,20,0
0,86400000,6010,7060,30,80,1,111
0,86400000,6010,7080,80,80,1,111
0,86400000,6010,7090,30,80,1,111
0,86400000,6010,8777,10,20,0
0,86400000,6010,8878,0,20,0
0,86400000,6010,9161,30,20,1,111
0,86400000,6010,9743,0,20,0
0,86400000,6010,9760,0,80,0
0,86400000,6010,9761,10,80,0
0,86400000,6010,9823,10,80,0
0,86400000,6010,10305,0,20,0
0,86400000,6010,11100,0,80,0
0,86400000,6010,11101,0,20,0
0,86400000,6010,11102,0,20,0
0,86400000,6010,11341,10,80,0
0,86400000,6010,11367,0,20,0
0,86400000,6010,11388,10,20,0
0,86400000,6010,20011,0,20,0
0,86400000,6010,20012,10,20,0
0,86400000,6010,20014,10,20,0
0,86400000,6010,20019,24,80,3,109,395,396
0,86400000,6010,20020,0,20,0
0,86400000,6010,20031,0,20,0
0,86400000,6010,20105,0,80,0
0,86400000,6010,20124,0,20,0
0,86400000,6010,20125,10,80,0
0,86400000,6010,20139,10,20,0
0,86400000,6010,20153,0,80,0
0,86400000,6020,232,30,20,1,128
0,86400000,6020,3000,0,20,0
0,86400000,6020,3010,20,80,0
0,86400000,6020,3020,0,20,0
0,86400000,6020,3030,30,20,0
0,86400000,6020,3040,0,20,0
0,86400000,6020,3050,30,20,5,109,401,395,396,20156
0,86400000,6020,3060,0,20,0
0,86400000,6020,4000,0,20,0
0,86400000,6020,4010,300,20,0
0,86400000,6020,4020,30,20,2,109,401
0,86400000,6020,5000,20,80,1,323
0,86400000,6020,5010,0,80,0
0,86400000,6020,5020,30,20,1,45
0,86400000,6020,5030,10,20,0
0,86400000,6020,5040,20,80,1,45
0,86400000,6020,6000,30,20,0
0,86400000,6020,6010,0,80,0
0,86400000,6020,6030,30,20,0
0,86400000,6020,6040,0,80,0
0,86400000,6020,7060,30,80,1,111
0,86400000,6020,7080,80,20,1,111
0,86400000,6020,7090,30,20,1,111
0,86400000,6020,8777,0,20,0
0,86400000,6020,8878,30,80,1,111
0,86400000,6020,9161,0,20,0
0,86400000,6020,9743,0,20,0
0,86400000,6020,9760,0,20,0
0,86400000,6020,9761,0,80,0
0,86400000,6020,9823,0,20,0
0,86400000,6020,10305,0,80,0
0,86400000,6020,11100,0,80,0
0,86400000,6020,11101,0,80,0
0,86400000,6020,11102,0,20,0
0,86400000,6020,11341,0,20,0
0,86400000,6020,11367,0,20,0
0,86400000,6020,11388,0,80,0
0,86400000,6020,20011,0,20,0
0,86400000,6020,20012,10,20,0
0,86400000,6020,20014,0,20,0
0,86400000,6020,20019,0,20,0
0,86400000,6020,20020,20,20,3,151,395,396
0,86400000,6020,20031,10,80,0
0,86400000,6020,20105,0,20,0
0,86400000,6020,20124,0,80,0
0,86400000,6020,20125,10,20,0
0,86400000,6020,20139,0,20,0
0,86400000,6020,20153,10,80,0
0,86400000,6030,232,10,20,0
0,86400000,6030,3000,10,20,1,54
0,86400000,6030,3010,0,20,0
0,86400000,6030,3020,10,20,1,54
0,86400000,6030,3030,600,20,0
0,86400000,6030,3040,20,20,0
0,86400000,6030,3050,20,20,0
0,86400000,6030,3060,20,20,0
0,86400000,6030,4000,20,80,0
0,86400000,6030,4010,20,20,0
0,86400000,6030,4020,0,20,0
0,86400000,6030,5000,0,20,0
0,86400000,6030,5010,500,80,0
0,86400000,6030,5020,0,80,0
0,86400000,6030,5030,0,20,0
0,86400000,6030,5040,0,20,0
0,86400000,6030,6000,0,20,0
0,86400000,6030,6010,20,20,0
0,86400000,6030,6020,20,20,0
0,86400000,6030,6040,0,20,0
0,86400000,6030,8777,0,20,0
0,86400000,6030,8878,20,20,0
0,86400000,6030,9161,0,80,0
0,86400000,6030,9743,0,80,0
0,86400000,6030,9760,10,80,0
0,86400000,6030,9761,0,80,0
0,86400000,6030,9823,0,20,0
0,86400000,6030,10305,10,20,0
0,86400000,6030,11100,0,20,0
0,86400000,6030,11101,0,20,0
0,86400000,6030,11102,0,20,0
0,86400000,6030,11341,0,80,0
0,86400000,6030,11367,10,20,0
0,86400000,6030,11388,10,20,0
0,86400000,6030,20011,0,80,0
0,86400000,6030,20012,10,20,0
0,86400000,6030,20014,20,80,0
0,86400000,6030,20019,0,20,0
0,86400000,6030,20020,10,20,0
0,86400000,6030,20031,0,20,0
0,86400000,6030,20105,0,20,0
0,86400000,6030,20124,10,80,0
0,86400000,6030,20125,0,20,0
0,86400000,6030,20139,0,80,0
0,86400000,6030,20153,10,80,0
0,86400000,6040,232,5,20,0
0,86400000,6040,3000,200,20,0
0,86400000,6040,3010,20,20,1,89
0,86400000,6040,3020,0,20,0
0,86400000,6040,3030,30,20,0
0,86400000,6040,3040,10,80,0
0,86400000,6040,3050,20,20,0
0,86400000,6040,3060,20,20,1,89
0,86400000,6040,4000,20,80,0
0,86400000,6040,4010,20,20,0
0,86400000,6040,4020,0,80,0
0,86400000,6040,5000,40,20,1,323
0,86400000,6040,5010,20,80,0
0,86400000,6040,5020,100,20,1,373
0,86400000,6040,5030,0,20,0
0,86400000,6040,5040,30,20,1,323
0,86400000,6040,6000,30,20,0
0,86400000,6040,6010,0,80,0
0,86400000,6040,6020,0,20,0
0,86400000,6040,6030,0,20,0
0,86400000,6040,8777,0,20,0
0,86400000,6040,8878,0,80,0
0,86400000,6040,9161,10,20,0
0,86400000,6040,9743,0,80,0
0,86400000,6040,9760,0,20,0
0,86400000,6040,9761,0,80,0
0,86400000,6040,9823,10,20,0
0,86400000,6040,10305,0,80,0
0,86400000,6040,11100,0,20,0
0,86400000,6040,11101,0,20,0
0,86400000,6040,11102,10,20,1,285
0,86400000,6040,11341,15,80,0
0,86400000,6040,11367,0,20,0
0,86400000,6040,11388,10,20,1,285
0,86400000,6040,20011,0,20,0
0,86400000,6040,20012,10,80,0
0,86400000,6040,20014,0,20,0
0,86400000,6040,20019,5,20,0
0,86400000,6040,20020,5,80,0
0,86400000,6040,20031,0,20,0
0,86400000,6040,20105,0,20,0
0,86400000,6040,20124,0,80,0
0,86400000,6040,20125,5,20,0
0,86400000,6040,20139,17.8452,20,1,285
0,86400000,6040,20153,0,20,0
0,86400000,7000,6010,800,20,0
0,86400000,7000,6020,200,80,0
0,86400000,7010,4010,2200,20,0
0,86400000,7020,232,10,20,1,373
0,86400000,7020,3000,20,80,2,54,373
0,86400000,7020,3010,0,80,0
0,86400000,7020,3020,20,20,2,54,373
0,86400000,7020,3030,0,20,0
0,86400000,7020,3040,20,20,1,373
0,86400000,7020,3050,10,80,0
0,86400000,7020,3060,20,20,1,373
0,86400000,7020,4000,20,20,1,373
0,86400000,7020,4010,0,20,0
0,86400000,7020,4020,20,20,1,373
0,86400000,7020,5000,24,80,0
0,86400000,7020,5010,0,20,0
0,86400000,7020,5020,0,80,0
0,86400000,7020,5030,20,80,1,373
0,86400000,7020,5040,0,20,0
0,86400000,7020,6000,20,80,1,373
0,86400000,7020,6010,20,80,2,373,999
0,86400000,7020,6020,20,20,2,373,999
0,86400000,7020,6030,0,20,0
0,86400000,7020,6040,15,80,2,48,373
0,86400000,7020,7000,0,20,0
0,86400000,7020,7010,0,20,0
0,86400000,7020,7030,0,80,0
0,86400000,7020,8777,0,20,0
0,86400000,7020,8878,0,80,0
0,86400000,7020,9161,10,80,1,373
0,86400000,7020,9743,0,20,0
0,86400000,7020,9760,10,20,1,373
0,86400000,7020,9761,0,20,0
0,86400000,7020,9823,0,20,0
0,86400000,7020,10305,0,20,0
0,86400000,7020,11100,10,80,1,373
0,86400000,7020,11101,0,20,0
0,86400000,7020,11102,10,20,1,373
0,86400000,7020,11341,0,80,0
0,86400000,7020,11367,10,80,1,373
0,86400000,7020,11388,0,80,0
0,86400000,7020,20011,10,20,1,373
0,86400000,7020,20012,0,20,0
0,86400000,7020,20014,0,20,0
0,86400000,7020,20019,0,20,0
0,86400000,7020,20020,10,20,1,373
0,86400000,7020,20031,0,20,0
0,86400000,7020,20105,0,80,0
0,86400000,7020,20124,20,20,1,373
0,86400000,7020,20125,0,20,0
0,86400000,7020,20139,20,80,1,373
0,86400000,7020,20153,0,20,0
0,86400000,7030,232,0,20,0
0,86400000,7030,3000,20,20,0
0,86400000,7030,3010,0,20,0
0,86400000,7030,3020,20,20,0
0,86400000,7030,3030,0,80,0
0,86400000,7030,3040,20,80,0
0,86400000,7030,3050,20,20,1,334
0,86400000,7030,3060,20,20,0
0,86400000,7030,4000,20,80,1,362
0,86400000,7030,4010,0,20,0
0,86400000,7030,4020,20,20,1,362
0,86400000,7030,5000,20,80,0
0,86400000,7030,5010,0,20,0
0,86400000,7030,5020,0,20,0
0,86400000,7030,5030,20,20,0
0,86400000,7030,5040,20,80,0
0,86400000,7030,6000,20,30,0
0,86400000,7030,6010,20,80,0
0,86400000,7030,6020,20,80,0
0,86400000,7030,6030,20,20,0
0,86400000,7030,6040,20,80,0
0,86400000,7030,7000,0,20,0
0,86400000,7030,7010,0,20,0
0,86400000,7030,7020,0,80,0
0,86400000,7030,8777,10,80,0
0,86400000,7030,8878,10,20,0
0,86400000,7030,9161,0,80,0
0,86400000,7030,9743,0,20,0
0,86400000,7030,9760,5,20,0
0,86400000,7030,9761,0,80,0
0,86400000,7030,9823,0,20,0
0,86400000,7030,10305,0,20,0
0,86400000,7030,11100,0,20,0
0,86400000,7030,11101,20,80,0
0,86400000,7030,11102,0,20,0
0,86400000,7030,11341,0,20,0
0,86400000,7030,11367,0,80,0
0,86400000,7030,11388,20,80,1,362
0,86400000,7030,20011,0,20,0
0,86400000,7030,20012,20,20,1,362
0,86400000,7030,20014,20,20,1,362
0,86400000,7030,20019,0,80,0
0,86400000,7030,20020,10,20,0
0,86400000,7030,20031,0,20,0
0,86400000,7030,20105,0,80,0
0,86400000,7030,20124,5,80,0
0,86400000,7030,20125,0,80,0
0,86400000,7030,20139,10,80,1,362
0,86400000,7030,20153,0,80,0
0,86400000,7040,232,0,80,0
0,86400000,7040,3000,0,80,0
0,86400000,7040,3010,0,20,0
0,86400000,7040,3020,0,20,0
0,86400000,7040,3030,0,80,0
0,86400000,7040,3040,10,80,0
0,86400000,7040,3050,10,20,0
0,86400000,7040,3060,15,20,0
0,86400000,7040,4000,15,20,0
0,86400000,7040,4010,0,20,0
0,86400000,7040,4020,5,20,0
0,86400000,7040,5000,15,20,0
0,86400000,7040,5010,0,80,0
0,86400000,7040,5020,100,80,2,310,374
0,86400000,7040,5030,15,80,0
0,86400000,7040,5040,80,20,2,310,374
0,86400000,7040,6000,60,20,2,113,310
0,86400000,7040,6010,0,80,0
0,86400000,7040,6020,15,20,0
0,86400000,7040,6030,40,20,0
0,86400000,7040,6040,0,80,0
0,86400000,7040,7000,0,80,0
0,86400000,7040,7010,0,80,0
0,86400000,7040,7020,0,80,0
0,86400000,7040,7030,0,20,0
0,86400000,7040,7050,0,20,0
0,86400000,7040,7070,40,80,0
0,86400000,7040,7080,40,80,0
0,86400000,7040,7090,40,80,0
0,86400000,7040,8777,5,80,0
0,86400000,7040,8878,0,20,0
0,86400000,7040,9161,5,20,0
0,86400000,7040,9743,5,20,0
0,86400000,7040,9760,0,20,0
0,86400000,7040,9761,5,20,0
0,86400000,7040,9823,15,80,0
0,86400000,7040,10305,0,20,0
0,86400000,7040,11100,0,20,0
0,86400000,7040,11101,5,80,0
0,86400000,7040,11102,0,80,0
0,86400000,7040,11341,20,20,0
0,86400000,7040,11367,0,20,0
0,86400000,7040,11388,0,20,0
0,86400000,7040,20011,5,80,0
0,86400000,7040,20012,0,20,0
0,86400000,7040,20014,15,20,0
0,86400000,7040,20019,10,20,0
0,86400000,7040,20020,10,80,0
0,86400000,7040,20031,0,80,0
0,86400000,7040,20105,15,80,0
0,86400000,7040,20124,5,80,0
0,86400000,7040,20125,0,20,0
0,86400000,7040,20139,0,80,0
0,86400000,7040,20153,0,20,0
0,86400000,7050,232,0,20,0
0,86400000,7050,3000,40,20,0
0,86400000,7050,3010,30,20,0
0,86400000,7050,3020,35,20,0
0,86400000,7050,3030,20,20,0
0,86400000,7050,3040,0,20,0
0,86400000,7050,3050,15,20,0
0,86400000,7050,3060,25,20,0
0,86400000,7050,4000,5,80,0
0,86400000,7050,4010,0,20,0
0,86400000,7050,4020,5,20,0
0,86400000,7050,5000,20,20,0
0,86400000,7050,5010,20,80,0
0,86400000,7050,5020,20,20,0
0,86400000,7050,5030,0,80,0
0,86400000,7050,5040,20,20,0
0,86400000,7050,6000,0,80,0
0,86400000,7050,6010,0,80,0
0,86400000,7050,6020,5,20,0
0,86400000,7050,6030,0,80,0
0,86400000,7050,6040,25,20,0
0,86400000,7050,7000,0,20,0
0,86400000,7050,7010,0,80,0
0,86400000,7050,7020,0,80,0
0,86400000,7050,7030,0,20,0
0,86400000,7050,7040,0,20,0
0,86400000,7050,7060,30,80,0
0,86400000,7050,7070,20,20,0
0,86400000,7050,7080,0,20,0
0,86400000,7050,7090,20,20,0
0,86400000,7050,8777,5,20,0
0,86400000,7050,8878,5,20,0
0,86400000,7050,9161,0,20,0
0,86400000,7050,9743,0,20,0
0,86400000,7050,9760,5,80,0
0,86400000,7050,9761,15,20,0
0,86400000,7050,9823,0,20,0
0,86400000,7050,10305,15,80,0
0,86400000,7050,11100,0,80,0
0,86400000,7050,11101,0,20,0
0,86400000,7050,11102,0,80,0
0,86400000,7050,11341,5,80,0
0,86400000,7050,11367,5,80,0
0,86400000,7050,11388,0,20,0
0,86400000,7050,20011,5,20,0
0,86400000,7050,20012,0,80,0
0,86400000,7050,20014,0,20,0
0,86400000,7050,20019,5,20,0
0,86400000,7050,20020,5,80,0
0,86400000,7050,20031,0,80,0
0,86400000,7050,20105,15,20,0
0,86400000,7050,20124,0,80,0
0,86400000,7050,20125,10,20,0
0,86400000,7050,20139,0,80,0
0,86400000,7050,20153,0,20,0
0,86400000,7060,232,160,20,1,128
0,86400000,7060,3000,15,80,0
0,86400000,7060,3010,0,80,0
0,86400000,7060,3020,0,80,0
0,86400000,7060,3030,0,20,0
0,86400000,7060,3040,5,80,0
0,86400000,7060,3050,30,20,1,20166
0,86400000,7060,3060,5,80,0
0,86400000,7060,4000,0,80,0
0,86400000,7060,4010,100,80,1,1004
0,86400000,7060,4020,10,20,0
0,86400000,7060,5000,5,80,0
0,86400000,7060,5010,0,20,0
0,86400000,7060,5020,0,80,0
0,86400000,7060,5030,5,80,0
0,86400000,7060,5040,5,80,0
0,86400000,7060,6000,60,80,2,48,110
0,86400000,7060,6010,50,80,1,110
0,86400000,7060,6020,50,80,1,110
0,86400000,7060,6030,0,80,0
0,86400000,7060,6040,15,20,0
0,86400000,7060,7000,0,20,0
0,86400000,7060,7010,0,80,0
0,86400000,7060,7020,0,20,0
0,86400000,7060,7030,0,20,0
0,86400000,7060,7040,0,80,0
0,86400000,7060,7050,0,20,0
0,86400000,7060,7070,60,80,0
0,86400000,7060,8777,0,20,0
0,86400000,7060,8878,0,20,0
0,86400000,7060,9161,20,20,1,20166
0,86400000,7060,9743,15,20,1,20166
0,86400000,7060,9760,0,20,0
0,86400000,7060,9761,0,20,0
0,86400000,7060,9823,20,80,0
0,86400000,7060,10305,0,80,0
0,86400000,7060,11100,0,20,0
0,86400000,7060,11101,15,80,1,20166
0,86400000,7060,11102,5,80,0
0,86400000,7060,11341,0,20,0
0,86400000,7060,11367,5,80,0
0,86400000,7060,11388,10,20,0
0,86400000,7060,20011,5,20,0
0,86400000,7060,20012,0,20,0
0,86400000,7060,20014,0,20,0
0,86400000,7060,20019,20,20,1,20166
0,86400000,7060,20020,0,20,0
0,86400000,7060,20031,5,80,0
0,86400000,7060,20105,5,80,0
0,86400000,7060,20124,0,20,0
0,86400000,7060,20125,15,20,0
0,86400000,7060,20139,0,80,0
0,86400000,7060,20153,5,20,0
0,86400000,7070,232,10,20,0
0,86400000,7070,3000,10,20,1,89
0,86400000,7070,3010,5,20,0
0,86400000,7070,3020,20,80,0
0,86400000,7070,3030,0,20,0
0,86400000,7070,3040,10,20,0
0,86400000,7070,3050,10,20,0
0,86400000,7070,3060,5,20,0
0,86400000,7070,4000,10,80,0
0,86400000,7070,4010,0,20,0
0,86400000,7070,4020,10,20,0
0,86400000,7070,5000,5,80,0
0,86400000,7070,5010,5,80,0
0,86400000,7070,5020,5,20,0
0,86400000,7070,5030,5,80,0
0,86400000,7070,5040,5,20,0
0,86400000,7070,6000,180,20,1,45
0,86400000,7070,6010,100,20,0
0,86400000,7070,6020,100,20,0
0,86400000,7070,6030,5,80,0
0,86400000,7070,6040,100,20,1,45
0,86400000,7070,7000,0,20,0
0,86400000,7070,7010,0,80,0
0,86400000,7070,7020,0,20,0
0,86400000,7070,7030,0,80,0
0,86400000,7070,7040,0,80,0
0,86400000,7070,7050,0,20,0
0,86400000,7070,7060,0,20,0
0,86400000,7070,7080,0,20,0
0,86400000,7070,8777,5,80,0
0,86400000,7070,8878,5,80,0
0,86400000,7070,9161,5,20,0
0,86400000,7070,9743,0,80,0
0,86400000,7070,9760,5,20,0
0,86400000,7070,9761,5,20,0
0,86400000,7070,9823,5,20,0
0,86400000,7070,10305,5,80,0
0,86400000,7070,11100,5,20,0
0,86400000,7070,11101,0,20,0
0,86400000,7070,11102,0,20,0
0,86400000,7070,11341,5,20,0
0,86400000,7070,11367,5,20,0
0,86400000,7070,11388,0,80,0
0,86400000,7070,20011,5,20,0
0,86400000,7070,20012,0,80,0
0,86400000,7070,20014,5,80,0
0,86400000,7070,20019,5,20,0
0,86400000,7070,20020,5,80,0
0,86400000,7070,20031,5,20,0
0,86400000,7070,20105,5,20,0
0,86400000,7070,20124,5,20,0
0,86400000,7070,20125,5,20,0
0,86400000,7070,20139,5,20,0
0,86400000,7070,20153,5,20,0
0,86400000,7080,232,0,20,0
0,86400000,7080,3000,30,20,1,320
0,86400000,7080,3010,0,20,0
0,86400000,7080,3020,35,20,1,320
0,86400000,7080,3030,0,80,0
0,86400000,7080,3040,25,20,1,320
0,86400000,7080,3050,10,80,0
0,86400000,7080,3060,10,20,0
0,86400000,7080,4000,10,80,0
0,86400000,7080,4010,0,80,0
0,86400000,7080,4020,5,20,0
0,86400000,7080,5000,45,20,3,151,323,325
0,86400000,7080,5010,5,20,0
0,86400000,7080,5020,0,20,0
0,86400000,7080,5030,5,20,0
0,86400000,7080,5040,15,80,0
0,86400000,7080,6000,20,20,0
0,86400000,7080,6010,0,80,0
0,86400000,7080,6020,5,20,0
0,86400000,7080,6030,60,20,2,320,504
0,86400000,7080,6040,30,20,1,320
0,86400000,7080,7000,0,20,0
0,86400000,7080,7010,0,80,0
0,86400000,7080,7020,0,80,0
0,86400000,7080,7030,0,80,0
0,86400000,7080,7040,0,80,0
0,86400000,7080,7050,0,20,0
0,86400000,7080,7060,50,20,0
0,86400000,7080,7070,0,80,0
0,86400000,7080,8777,5,80,0
0,86400000,7080,8878,5,20,0
0,86400000,7080,9161,5,80,0
0,86400000,7080,9743,0,20,0
0,86400000,7080,9760,5,20,0
0,86400000,7080,9761,0,80,0
0,86400000,7080,9823,5,20,0
0,86400000,7080,10305,5,80,0
0,86400000,7080,11100,10,20,0
0,86400000,7080,11101,5,20,0
0,86400000,7080,11102,0,20,0
0,86400000,7080,11341,10,20,0
0,86400000,7080,11367,10,20,0
0,86400000,7080,11388,0,80,0
0,86400000,7080,20011,5,20,0
0,86400000,7080,20012,20,80,0
0,86400000,7080,20014,5,20,0
0,86400000,7080,20019,10,20,0
0,86400000,7080,20020,5,20,0
0,86400000,7080,20031,0,20,0
0,86400000,7080,20105,0,20,0
0,86400000,7080,20124,5,80,0
0,86400000,7080,20125,0,80,0
0,86400000,7080,20139,20,20,0
0,86400000,7080,20153,10,20,0
0,86400000,7090,232,40,80,1,165
0,86400000,7090,3000,5,80,0
0,86400000,7090,3010,5,80,0
0,86400000,7090,3020,5,20,0
0,86400000,7090,3030,5,20,0
0,86400000,7090,3040,5,20,0
0,86400000,7090,3050,5,20,0
0,86400000,7090,3060,5,80,0
0,86400000,7090,4000,5,20,0
0,86400000,7090,4010,5,80,0
0,86400000,7090,4020,5,20,0
0,86400000,7090,5000,5,20,0
0,86400000,7090,5010,5,80,0
0,86400000,7090,5020,5,20,0
0,86400000,7090,5030,5,80,0
0,86400000,7090,5040,5,20,0
0,86400000,7090,6000,100,80,2,45,110
0,86400000,7090,6010,120,20,2,110,111
0,86400000,7090,6020,120,20,2,110,111
0,86400000,7090,6030,60,20,1,110
0,86400000,7090,6040,5,80,0
0,86400000,7090,7000,0,20,0
0,86400000,7090,7010,0,20,0
0,86400000,7090,7020,0,80,0
0,86400000,7090,7030,0,80,0
0,86400000,7090,7040,0,80,0
0,86400000,7090,7050,0,80,0
0,86400000,7090,7060,0,80,0
0,86400000,7090,7070,100,20,0
0,86400000,7090,7080,0,20,0
0,86400000,7090,8777,20,20,1,20165
0,86400000,7090,8878,0,20,0
0,86400000,7090,9161,20,80,1,20165
0,86400000,7090,9743,0,80,0
0,86400000,7090,9760,0,80,0
0,86400000,7090,9761,20,20,1,20165
0,86400000,7090,9823,0,20,0
0,86400000,7090,10305,0,20,0
0,86400000,7090,11100,20,80,1,20165
0,86400000,7090,11101,0,20,0
0,86400000,7090,11102,20,20,1,20165
0,86400000,7090,11341,20,20,1,20165
0,86400000,7090,11367,0,80,0
0,86400000,7090,11388,20,20,1,20165
0,86400000,7090,20011,0,20,0
0,86400000,7090,20012,0,20,0
0,86400000,7090,20014,0,80,0
0,86400000,7090,20019,20,80,1,20165
0,86400000,7090,20020,0,80,0
0,86400000,7090,20031,20,20,1,20165
0,86400000,7090,20105,0,20,0
0,86400000,7090,20124,20,20,1,20165
0,86400000,7090,20125,20,20,1,20165
0,86400000,7090,20139,0,80,0
0,86400000,7090,20153,0,80,0
0,86400000,7100,232,0,20,0
0,86400000,7100,3000,5,80,0
0,86400000,7100,3010,5,20,0
0,86400000,7100,3020,5,20,0
0,86400000,7100,3030,0,20,0
0,86400000,7100,3040,5,20,0
0,86400000,7100,3050,100,20,4,395,396,20156,10859
0,86400000,7100,3060,5,80,0
0,86400000,7100,4000,50,80,1,396
0,86400000,7100,4010,60,80,1,402
0,86400000,7100,4020,50,20,1,396
0,86400000,7100,5000,60,20,1,402
0,86400000,7100,5010,25,20,1,402
0,86400000,7100,5020,5,20,0
0,86400000,7100,5030,25,20,1,402
0,86400000,7100,5040,25,80,1,402
0,86400000,7100,6000,50,20,0
0,86400000,7100,6000,75,80,1,310
0,86400000,7100,6010,45,80,3,109,110,111
0,86400000,7100,6020,45,20,3,109,110,111
0,86400000,7100,6030,0,80,0
0,86400000,7100,6040,5,80,0
0,86400000,7100,7000,0,20,0
0,86400000,7100,7010,0,20,0
0,86400000,7100,7020,0,80,0
0,86400000,7100,7030,0,20,0
0,86400000,7100,7040,0,20,0
0,86400000,7100,7050,0,20,0
0,86400000,7100,7060,150,20,1,402
0,86400000,7100,7070,15,20,0
0,86400000,7100,7080,15,80,0
0,86400000,7100,7090,100,80,1,402
0,86400000,7100,8777,0,80,0
0,86400000,7100,8878,20,80,1,396
0,86400000,7100,9161,30,20,1,396
0,86400000,7100,9743,0,20,0
0,86400000,7100,9760,20,20,1,396
0,86400000,7100,9761,0,80,0
0,86400000,7100,9823,20,80,1,396
0,86400000,7100,10305,25,80,1,396
0,86400000,7100,11100,0,80,0
0,86400000,7100,11101,30,20,1,396
0,86400000,7100,11102,0,20,0
0,86400000,7100,11341,35,20,1,396
0,86400000,7100,11367,30,20,1,396
0,86400000,7100,11388,0,20,0
0,86400000,7100,20011,0,20,0
0,86400000,7100,20012,35,20,1,396
0,86400000,7100,20014,35,80,1,396
0,86400000,7100,20019,0,20,0
0,86400000,7100,20020,35,20,1,396
0,86400000,7100,20031,0,20,0
0,86400000,7100,20105,30,80,1,396
0,86400000,7100,20124,0,20,0
0,86400000,7100,20125,0,20,0
0,86400000,7100,20139,40,20,1,396
0,86400000,7100,20153,40,80,1,396
0,86400000,7110,232,25,80,2,129,128
0,86400000,7110,3000,30,20,3,130,129,128
0,86400000,7110,3010,0,80,0
0,86400000,7110,3020,30,80,3,130,129,128
0,86400000,7110,3030,5,20,0
0,86400000,7110,3040,5,80,0
0,86400000,7110,3050,5,20,0
0,86400000,7110,3060,35,80,2,129,128
0,86400000,7110,4000,5,20,0
0,86400000,7110,4010,0,20,0
0,86400000,7110,4020,0,20,0
0,86400000,7110,5000,5,20,0
0,86400000,7110,5010,0,20,0
0,86400000,7110,5020,50,20,3,130,339,400
0,86400000,7110,5030,0,80,0
0,86400000,7110,5040,5,80,0
0,86400000,7110,6000,80,80,1,130
0,86400000,7110,6010,80,80,1,130
0,86400000,7110,6020,80,20,1,130
0,86400000,7110,6030,50,20,3,130,174,630
0,86400000,7110,6040,5,80,0
0,86400000,7110,7000,0,20,0
0,86400000,7110,7010,0,80,0
0,86400000,7110,7020,0,20,0
0,86400000,7110,7030,0,20,0
0,86400000,7110,7040,0,20,0
0,86400000,7110,7050,0,80,0
0,86400000,7110,7060,100,80,1,130
0,86400000,7110,7070,100,20,1,130
0,86400000,7110,7080,0,80,0
0,86400000,7110,7090,100,80,1,130
0,86400000,7110,7100,0,20,0
0,86400000,7110,8777,5,20,0
0,86400000,7110,8878,0,20,0
0,86400000,7110,9161,0,80,0
0,86400000,7110,9743,5,20,0
0,86400000,7110,9760,0,80,0
0,86400000,7110,9761,0,20,0
0,86400000,7110,9823,0,20,0
0,86400000,7110,10305,5,80,0
0,86400000,7110,11100,5,20,0
0,86400000,7110,11101,5,20,0
0,86400000,7110,11102,0,20,0
0,86400000,7110,11341,0,20,0
0,86400000,7110,11367,0,20,0
0,86400000,7110,11388,5,80,0
0,86400000,7110,20011,5,20,0
0,86400000,7110,20012,0,20,0
0,86400000,7110,20014,0,20,0
0,86400000,7110,20019,5,20,0
0,86400000,7110,20020,5,20,0
0,86400000,7110,20031,0,80,0
0,86400000,7110,20105,0,20,0
0,86400000,7110,20124,0,20,0
0,86400000,7110,20125,5,20,0
0,86400000,7110,20139,5,20,0
0,86400000,7110,20153,5,80,0
0,86400000,8777,232,0,20,0
0,86400000,8777,3000,0,20,0
0,86400000,8777,3010,0,20,0
0,86400000,8777,3020,0,20,0
0,86400000,8777,3030,0,20,0
0,86400000,8777,3040,0,20,0
0,86400000,8777,3050,10,20,0
0,86400000,8777,3060,10,80,0
0,86400000,8777,4000,0,20,0
0,86400000,8777,4010,30,80,1,79
0,86400000,8777,4020,10,80,0
0,86400000,8777,5000,30,20,3,20156,79,135
0,86400000,8777,5010,0,80,0
0,86400000,8777,5020,0,20,0
0,86400000,8777,5030,60,20,1,10866
0,86400000,8777,5040,0,80,0
0,86400000,8777,6000,0,80,0
0,86400000,8777,6010,0,20,0
0,86400000,8777,6020,0,20,0
0,86400000,8777,6030,0,20,0
0,86400000,8777,6040,5,20,0
0,86400000,8777,8878,0,20,0
0,86400000,8777,9161,0,20,0
0,86400000,8777,9743,0,80,0
0,86400000,8777,9760,0,20,0
0,86400000,8777,9761,0,20,0
0,86400000,8777,9823,0,80,0
0,86400000,8777,10305,0,20,0
0,86400000,8777,11100,0,20,0
0,86400000,8777,11101,0,20,0
0,86400000,8777,11102,0,80,0
0,86400000,8777,11341,0,20,0
0,86400000,8777,11367,0,20,0
0,86400000,8777,11388,0,80,0
0,86400000,8777,20011,0,80,0
0,86400000,8777,20012,0,80,0
0,86400000,8777,20014,0,20,0
0,86400000,8777,20019,0,20,0
0,86400000,8777,20020,0,80,0
0,86400000,8777,20031,0,20,0
0,86400000,8777,20105,0,20,0
0,86400000,8777,20124,0,80,0
0,86400000,8777,20125,10,20,0
0,86400000,8777,20139,0,20,0
0,86400000,8777,20153,0,80,0
0,86400000,8878,232,25,20,1,20162
0,86400000,8878,3000,0,20,0
0,86400000,8878,3010,10,80,0
0,86400000,8878,3020,0,20,0
0,86400000,8878,3030,10,80,0
0,86400000,8878,3040,0,20,0
0,86400000,8878,3050,20,80,0
0,86400000,8878,3060,10,80,0
0,86400000,8878,4000,10,20,0
0,86400000,8878,4010,80,20,1,79
0,86400000,8878,4020,0,20,0
0,86400000,8878,5000,40,80,2,79,135
0,86400000,8878,5010,10,80,0
0,86400000,8878,5020,20,20,3,79,135,316
0,86400000,8878,5030,10,80,0
0,86400000,8878,5040,20,80,3,79,135,316
0,86400000,8878,6000,20,80,1,20164
0,86400000,8878,6010,20,20,1,20164
0,86400000,8878,6020,10,20,1,20164
0,86400000,8878,6030,0,20,0
0,86400000,8878,6040,0,20,0
0,86400000,8878,8777,20,20,0
0,86400000,8878,9161,0,20,0
0,86400000,8878,9743,0,20,0
0,86400000,8878,9760,0,20,0
0,86400000,8878,9761,10,20,0
0,86400000,8878,9823,0,20,0
0,86400000,8878,10305,20,20,0
0,86400000,8878,11100,10,20,0
0,86400000,8878,11101,0,80,0
0,86400000,8878,11102,0,80,0
0,86400000,8878,11341,10,80,0
0,86400000,8878,11367,0,20,0
0,86400000,8878,11388,0,80,0
0,86400000,8878,20011,10,80,0
0,86400000,8878,20012,0,80,0
0,86400000,8878,20014,0,20,0
0,86400000,8878,20019,0,80,0
0,86400000,8878,20020,10,80,0
0,86400000,8878,20031,0,20,0
0,86400000,8878,20105,0,20,0
0,86400000,8878,20124,0,80,0
0,86400000,8878,20125,10,20,0
0,86400000,8878,20139,0,20,0
0,86400000,8878,20153,10,80,0
0,86400000,9161,232,0,80,0
0,86400000,9161,3000,0,20,0
0,86400000,9161,3010,0,80,0
0,86400000,9161,3020,0,80,0
0,86400000,9161,3030,0,20,0
0,86400000,9161,3040,0,80,0
0,86400000,9161,3050,0,20,0
0,86400000,9161,3060,0,80,0
0,86400000,9161,4000,0,80,0
0,86400000,9161,4010,0,80,0
0,86400000,9161,4020,10,80,0
0,86400000,9161,5000,0,20,0
0,86400000,9161,5010,10,20,0
0,86400000,9161,5020,15,80,2,334,339
0,86400000,9161,5030,10,20,0
0,86400000,9161,5040,0,20,0
0,86400000,9161,6000,0,80,0
0,86400000,9161,6010,0,20,0
0,86400000,9161,6020,0,80,0
0,86400000,9161,6030,0,80,0
0,86400000,9161,6040,0,80,0
0,86400000,9161,8777,0,20,0
0,86400000,9161,8878,0,20,0
0,86400000,9161,9743,0,80,0
0,86400000,9161,9760,0,20,0
0,86400000,9161,9761,0,80,0
0,86400000,9161,9823,0,20,0
0,86400000,9161,10305,0,80,0
0,86400000,9161,11100,0,80,0
0,86400000,9161,11101,0,20,0
0,86400000,9161,11102,0,20,0
0,86400000,9161,11341,0,80,0
0,86400000,9161,11367,0,20,0
0,86400000,9161,11388,0,80,0
0,86400000,9161,20011,0,20,0
0,86400000,9161,20012,5,20,0
0,86400000,9161,20014,0,80,0
0,86400000,9161,20019,0,20,0
0,86400000,9161,20020,10,80,0
0,86400000,9161,20031,0,20,0
0,86400000,9161,20105,0,20,0
0,86400000,9161,20124,0,80,0
0,86400000,9161,20125,10,20,0
0,86400000,9161,20139,0,80,0
0,86400000,9161,20153,0,80,0
0,86400000,9760,232,30,20,2,20162,162
0,86400000,9760,3000,20,80,0
0,86400000,9760,3010,0,20,0
0,86400000,9760,3020,20,20,0
0,86400000,9760,3030,20,80,0
0,86400000,9760,3040,0,80,0
0,86400000,9760,3050,20,20,0
0,86400000,9760,3060,0,20,0
0,86400000,9760,4000,20,80,0
0,86400000,9760,4010,30,20,1,79
0,86400000,9760,4020,20,20,0
0,86400000,9760,5000,40,80,1,79
0,86400000,9760,5010,10,80,0
0,86400000,9760,5020,10,20,2,334,339
0,86400000,9760,5030,60,20,2,9843,10866
0,86400000,9760,5040,0,80,0
0,86400000,9760,6000,20,80,2,20163,20164
0,86400000,9760,6010,0,20,0
0,86400000,9760,6020,0,80,0
0,86400000,9760,6030,10,80,0
0,86400000,9760,6040,0,80,0
0,86400000,9760,8777,20,20,0
0,86400000,9760,8878,0,80,0
0,86400000,9760,9161,0,20,0
0,86400000,9760,9743,0,80,0
0,86400000,9760,9761,0,80,0
0,86400000,9760,9823,0,20,0
0,86400000,9760,10305,0,20,0
0,86400000,9760,11100,0,20,0
0,86400000,9760,11101,0,80,0
0,86400000,9760,11102,0,20,0
0,86400000,9760,11341,0,20,0
0,86400000,9760,11367,0,80,0
0,86400000,9760,11388,0,20,0
0,86400000,9760,20011,0,20,0
0,86400000,9760,20012,0,80,0
0,86400000,9760,20014,0,20,0
0,86400000,9760,20019,0,80,0
0,86400000,9760,20020,0,20,0
0,86400000,9760,20031,0,20,0
0,86400000,9760,20105,0,20,0
0,86400000,9760,20124,0,20,0
0,86400000,9760,20125,0,20,0
0,86400000,9760,20139,0,20,0
0,86400000,9760,20153,0,80,0
0,86400000,9761,232,20,80,0
0,86400000,9761,3000,0,20,0
0,86400000,9761,3010,0,80,0
0,86400000,9761,3020,0,80,0
0,86400000,9761,3030,0,20,0
0,86400000,9761,3040,0,80,0
0,86400000,9761,3050,10,20,0
0,86400000,9761,3060,0,80,0
0,86400000,9761,4000,10,20,0
0,86400000,9761,4010,30,80,1,79
0,86400000,9761,4020,0,20,0
0,86400000,9761,5000,0,80,0
0,86400000,9761,5010,20,20,0
0,86400000,9761,5020,10,80,2,334,339
0,86400000,9761,5030,10,20,0
0,86400000,9761,5040,10,80,1,334
0,86400000,9761,6000,0,80,0
0,86400000,9761,6010,0,20,0
0,86400000,9761,6020,0,80,0
0,86400000,9761,6030,10,20,0
0,86400000,9761,6040,0,20,0
0,86400000,9761,8777,0,20,0
0,86400000,9761,8878,0,20,0
0,86400000,9761,9161,0,80,0
0,86400000,9761,9743,0,80,0
0,86400000,9761,9760,0,80,0
0,86400000,9761,9823,0,20,0
0,86400000,9761,10305,0,20,0
0,86400000,9761,11100,0,20,0
0,86400000,9761,11101,0,20,0
0,86400000,9761,11102,10,80,0
0,86400000,9761,11341,0,20,0
0,86400000,9761,11367,0,20,0
0,86400000,9761,11388,0,80,0
0,86400000,9761,20011,0,80,0
0,86400000,9761,20012,5,20,0
0,86400000,9761,20014,0,20,0
0,86400000,9761,20019,0,20,0
0,86400000,9761,20020,0,20,0
0,86400000,9761,20031,0,20,0
0,86400000,9761,20105,5,20,0
0,86400000,9761,20124,0,20,0
0,86400000,9761,20125,0,80,0
0,86400000,9761,20139,0,20,0
0,86400000,9761,20153,0,20,0
0,86400000,9823,232,0,80,0
0,86400000,9823,3000,0,80,0
0,86400000,9823,3010,0,20,0
0,86400000,9823,3020,0,20,0
0,86400000,9823,3030,0,80,0
0,86400000,9823,3040,0,20,0
0,86400000,9823,3050,0,80,0
0,86400000,9823,3060,0,20,0
0,86400000,9823,4000,0,20,0
0,86400000,9823,4010,0,20,0
0,86400000,9823,4020,0,80,0
0,86400000,9823,5000,0,80,0
0,86400000,9823,5010,0,20,0
0,86400000,9823,5020,0,20,0
0,86400000,9823,5030,0,80,0
0,86400000,9823,5040,0,80,0
0,86400000,9823,6000,0,80,0
0,86400000,9823,6010,0,20,0
0,86400000,9823,6020,0,80,0
0,86400000,9823,6030,0,20,0
0,86400000,9823,6040,0,20,0
0,86400000,9823,8777,0,20,0
0,86400000,9823,8878,0,80,0
0,86400000,9823,9161,0,80,0
0,86400000,9823,9743,0,80,0
0,86400000,9823,9760,0,20,0
0,86400000,9823,9761,0,20,0
0,86400000,9823,10305,0,20,0
0,86400000,9823,11100,0,20,0
0,86400000,9823,11101,0,20,0
0,86400000,9823,11102,0,20,0
0,86400000,9823,11341,0,20,0
0,86400000,9823,11367,0,80,0
0,86400000,9823,11388,0,20,0
0,86400000,9823,20011,0,20,0
0,86400000,9823,20012,0,20,0
0,86400000,9823,20014,0,20,0
0,86400000,9823,20019,0,20,0
0,86400000,9823,20020,0,20,0
0,86400000,9823,20031,0,80,0
0,86400000,9823,20105,0,80,0
0,86400000,9823,20124,0,20,0
0,86400000,9823,20125,0,20,0
0,86400000,9823,20139,0,20,0
0,86400000,9823,20153,0,20,0
0,86400000,10305,232,0,20,0
0,86400000,10305,3000,0,80,0
0,86400000,10305,3010,0,20,0
0,86400000,10305,3020,0,20,0
0,86400000,10305,3030,0,20,0
0,86400000,10305,3040,0,20,0
0,86400000,10305,3050,0,80,0
0,86400000,10305,3060,0,20,0
0,86400000,10305,4000,0,80,0
0,86400000,10305,4010,0,20,0
0,86400000,10305,4020,0,80,0
0,86400000,10305,5000,0,20,0
0,86400000,10305,5010,0,80,0
0,86400000,10305,5020,0,20,0
0,86400000,10305,5030,0,80,0
0,86400000,10305,5040,0,80,0
0,86400000,10305,6000,0,20,0
0,86400000,10305,6010,0,80,0
0,86400000,10305,6020,0,80,0
0,86400000,10305,6030,0,20,0
0,86400000,10305,6040,0,20,0
0,86400000,10305,8777,0,80,0
0,86400000,10305,8878,0,80,0
0,86400000,10305,9161,0,20,0
0,86400000,10305,9743,0,20,0
0,86400000,10305,9760,0,80,0
0,86400000,10305,9761,0,20,0
0,86400000,10305,9823,0,80,0
0,86400000,10305,11100,0,20,0
0,86400000,10305,11101,0,20,0
0,86400000,10305,11102,0,80,0
0,86400000,10305,11341,0,80,0
0,86400000,10305,11367,0,20,0
0,86400000,10305,11388,0,80,0
0,86400000,10305,20011,0,20,0
0,86400000,10305,20012,0,20,0
0,86400000,10305,20014,0,20,0
0,86400000,10305,20019,0,20,0
0,86400000,10305,20020,0,20,0
0,86400000,10305,20031,0,20,0
0,86400000,10305,20105,0,20,0
0,86400000,10305,20124,0,80,0
0,86400000,10305,20125,0,20,0
0,86400000,10305,20139,0,20,0
0,86400000,10305,20153,0,80,0
0,86400000,11100,232,0,20,0
0,86400000,11100,3000,0,20,0
0,86400000,11100,3010,0,20,0
0,86400000,11100,3020,0,80,0
0,86400000,11100,3030,20,20,0
0,86400000,11100,3040,0,20,0
0,86400000,11100,3050,10,80,0
0,86400000,11100,3060,20,20,0
0,86400000,11100,4000,20,80,0
0,86400000,11100,4010,0,80,0
0,86400000,11100,4020,0,20,0
0,86400000,11100,5000,20,80,1,79
0,86400000,11100,5010,0,20,0
0,86400000,11100,5020,10,20,2,334,339
0,86400000,11100,5030,10,80,0
0,86400000,11100,5040,10,20,1,334
0,86400000,11100,6000,0,80,0
0,86400000,11100,6010,0,80,0
0,86400000,11100,6020,0,80,0
0,86400000,11100,6030,0,80,0
0,86400000,11100,6040,0,20,0
0,86400000,11100,7060,30,80,1,20166
0,86400000,11100,8777,0,20,0
0,86400000,11100,8878,0,80,0
0,86400000,11100,9161,0,20,0
0,86400000,11100,9743,0,20,0
0,86400000,11100,9760,0,20,0
0,86400000,11100,9761,0,20,0
0,86400000,11100,9823,0,80,0
0,86400000,11100,10305,0,20,0
0,86400000,11100,11101,0,80,0
0,86400000,11100,11102,0,80,0
0,86400000,11100,11341,0,20,0
0,86400000,11100,11367,0,80,0
0,86400000,11100,11388,0,80,0
0,86400000,11100,20011,0,80,0
0,86400000,11100,20012,0,20,0
0,86400000,11100,20014,0,80,0
0,86400000,11100,20019,0,80,0
0,86400000,11100,20020,0,20,0
0,86400000,11100,20031,0,20,0
0,86400000,11100,20105,0,20,0
0,86400000,11100,20124,0,20,0
0,86400000,11100,20125,0,20,0
0,86400000,11100,20139,50,80,1,9800
0,86400000,11100,20153,0,80,0
0,86400000,11101,232,0,20,0
0,86400000,11101,3000,0,80,0
0,86400000,11101,3010,0,80,0
0,86400000,11101,3020,0,80,0
0,86400000,11101,3030,0,20,0
0,86400000,11101,3040,0,80,0
0,86400000,11101,3050,0,20,0
0,86400000,11101,3060,0,80,0
0,86400000,11101,4000,0,80,0
0,86400000,11101,4010,0,80,0
0,86400000,11101,4020,0,80,0
0,86400000,11101,5000,0,20,0
0,86400000,11101,5010,0,20,0
0,86400000,11101,5020,0,80,0
0,86400000,11101,5030,0,20,0
0,86400000,11101,5040,0,80,0
0,86400000,11101,6000,0,20,0
0,86400000,11101,6010,0,80,0
0,86400000,11101,6020,0,20,0
0,86400000,11101,6030,0,20,0
0,86400000,11101,6040,0,20,0
0,86400000,11101,8777,0,80,0
0,86400000,11101,8878,0,20,0
0,86400000,11101,9161,0,20,0
0,86400000,11101,9743,0,80,0
0,86400000,11101,9760,0,20,0
0,86400000,11101,9761,0,20,0
0,86400000,11101,9823,0,80,0
0,86400000,11101,10305,0,20,0
0,86400000,11101,11100,0,20,0
0,86400000,11101,11102,0,20,0
0,86400000,11101,11341,0,20,0
0,86400000,11101,11367,0,80,0
0,86400000,11101,11388,0,20,0
0,86400000,11101,20011,0,20,0
0,86400000,11101,20012,0,20,0
0,86400000,11101,20014,0,80,0
0,86400000,11101,20019,0,80,0
0,86400000,11101,20020,0,20,0
0,86400000,11101,20031,0,20,0
0,86400000,11101,20105,0,80,0
0,86400000,11101,20124,0,20,0
0,86400000,11101,20125,0,20,0
0,86400000,11101,20139,0,20,0
0,86400000,11101,20153,0,20,0
0,86400000,11102,232,0,20,0
0,86400000,11102,3000,0,20,0
0,86400000,11102,3010,0,20,0
0,86400000,11102,3020,0,20,0
0,86400000,11102,3030,0,80,0
0,86400000,11102,3040,0,80,0
0,86400000,11102,3050,20,80,0
0,86400000,11102,3060,0,80,0
0,86400000,11102,4000,0,20,0
0,86400000,11102,4010,0,20,0
0,86400000,11102,4020,0,80,0
0,86400000,11102,5000,0,80,0
0,86400000,11102,5010,0,20,0
0,86400000,11102,5020,10,80,2,334,339
0,86400000,11102,5030,50,80,1,10866
0,86400000,11102,5040,10,20,1,334
0,86400000,11102,6000,0,20,0
0,86400000,11102,6010,0,80,0
0,86400000,11102,6020,0,80,0
0,86400000,11102,6030,0,20,0
0,86400000,11102,6040,0,80,0
0,86400000,11102,7060,30,80,1,20166
0,86400000,11102,8777,0,80,0
0,86400000,11102,8878,0,20,0
0,86400000,11102,9161,0,20,0
0,86400000,11102,9743,0,20,0
0,86400000,11102,9760,0,80,0
0,86400000,11102,9761,0,80,0
0,86400000,11102,9823,0,20,0
0,86400000,11102,10305,0,80,0
0,86400000,11102,11100,0,20,0
0,86400000,11102,11101,0,80,0
0,86400000,11102,11341,0,80,0
0,86400000,11102,11367,0,20,0
0,86400000,11102,11388,0,80,0
0,86400000,11102,20011,0,20,0
0,86400000,11102,20012,0,80,0
0,86400000,11102,20014,0,20,0
0,86400000,11102,20019,0,20,0
0,86400000,11102,20020,0,20,0
0,86400000,11102,20031,0,80,0
0,86400000,11102,20105,0,80,0
0,86400000,11102,20124,0,20,0
0,86400000,11102,20125,0,20,0
0,86400000,11102,20139,50,20,2,9800,11379
0,86400000,11102,20153,0,20,0
0,86400000,11341,232,0,20,0
0,86400000,11341,3000,0,20,0
0,86400000,11341,3010,0,20,0
0,86400000,11341,3020,0,20,0
0,86400000,11341,3030,0,80,0
0,86400000,11341,3040,0,80,0
0,86400000,11341,3050,40,80,1,10866
0,86400000,11341,3060,0,20,0
0,86400000,11341,4000,0,20,0
0,86400000,11341,4010,0,20,0
0,86400000,11341,4020,0,20,0
0,86400000,11341,5000,20,20,1,79
0,86400000,11341,5010,20,20,0
0,86400000,11341,5020,10,80,2,334,339
0,86400000,11341,5030,10,20,0
0,86400000,11341,5040,10,20,1,334,339
0,86400000,11341,6000,0,20,0
0,86400000,11341,6010,0,80,0
0,86400000,11341,6020,0,20,0
0,86400000,11341,6030,0,80,0
0,86400000,11341,6040,0,20,0
0,86400000,11341,7070,5,80,0
0,86400000,11341,8777,0,20,0
0,86400000,11341,8878,0,20,0
0,86400000,11341,9161,0,20,0
0,86400000,11341,9743,0,20,0
0,86400000,11341,9760,0,20,0
0,86400000,11341,9761,0,20,0
0,86400000,11341,9823,0,20,0
0,86400000,11341,10305,0,20,0
0,86400000,11341,11100,0,80,0
0,86400000,11341,11101,0,20,0
0,86400000,11341,11102,0,80,0
0,86400000,11341,11367,0,80,0
0,86400000,11341,11388,0,80,0
0,86400000,11341,20011,0,80,0
0,86400000,11341,20012,0,20,0
0,86400000,11341,20014,10,80,0
0,86400000,11341,20019,0,20,0
0,86400000,11341,20020,0,20,0
0,86400000,11341,20031,0,20,0
0,86400000,11341,20105,0,20,0
0,86400000,11341,20124,0,20,0
0,86400000,11341,20125,0,20,0
0,86400000,11341,20139,0,80,0
0,86400000,11341,20153,0,20,0
0,86400000,11367,232,0,80,0
0,86400000,11367,3000,0,20,0
0,86400000,11367,3010,0,80,0
0,86400000,11367,3020,12,20,0
0,86400000,11367,3030,0,80,0
0,86400000,11367,3040,12,20,0
0,86400000,11367,3050,0,20,0
0,86400000,11367,3060,0,20,0
0,86400000,11367,4000,0,20,0
0,86400000,11367,4010,30,20,1,79
0,86400000,11367,4020,0,20,0
0,86400000,11367,5000,0,20,0
0,86400000,11367,5010,0,20,0
0,86400000,11367,5020,20,80,2,334,339
0,86400000,11367,5030,0,80,0
0,86400000,11367,5040,10,20,1,334
0,86400000,11367,6000,12,80,0
0,86400000,11367,6010,0,20,0
0,86400000,11367,6020,0,80,0
0,86400000,11367,6030,12,20,0
0,86400000,11367,6040,0,80,0
0,86400000,11367,8777,0,20,0
0,86400000,11367,8878,0,80,0
0,86400000,11367,9161,0,20,0
0,86400000,11367,9743,0,20,0
0,86400000,11367,9760,0,20,0
0,86400000,11367,9761,0,20,0
0,86400000,11367,9823,0,80,0
0,86400000,11367,10305,0,20,0
0,86400000,11367,11100,0,80,0
0,86400000,11367,11101,0,80,0
0,86400000,11367,11102,0,20,0
0,86400000,11367,11341,0,80,0
0,86400000,11367,11388,0,20,0
0,86400000,11367,20011,0,20,0
0,86400000,11367,20012,0,80,0
0,86400000,11367,20014,0,20,0
0,86400000,11367,20019,0,20,0
0,86400000,11367,20020,0,20,0
0,86400000,11367,20031,0,20,0
0,86400000,11367,20105,0,20,0
0,86400000,11367,20124,0,20,0
0,86400000,11367,20125,12,80,0
0,86400000,11367,20139,0,20,0
0,86400000,11367,20153,0,80,0
0,86400000,11388,232,0,20,0
0,86400000,11388,3000,0,20,0
0,86400000,11388,3010,0,80,0
0,86400000,11388,3020,0,20,0
0,86400000,11388,3030,0,80,0
0,86400000,11388,3040,0,20,0
0,86400000,11388,3050,0,20,0
0,86400000,11388,3060,0,20,0
0,86400000,11388,4000,0,20,0
0,86400000,11388,4010,0,80,0
0,86400000,11388,4020,0,20,0
0,86400000,11388,5000,0,20,0
0,86400000,11388,5010,0,20,0
0,86400000,11388,5020,0,20,0
0,86400000,11388,5030,0,20,0
0,86400000,11388,5040,0,80,0
0,86400000,11388,6000,0,20,0
0,86400000,11388,6010,0,20,0
0,86400000,11388,6020,0,80,0
0,86400000,11388,6030,0,80,0
0,86400000,11388,6040,0,20,0
0,86400000,11388,8777,0,80,0
0,86400000,11388,8878,0,20,0
0,86400000,11388,9161,0,80,0
0,86400000,11388,9743,0,20,0
0,86400000,11388,9760,0,20,0
0,86400000,11388,9761,0,80,0
0,86400000,11388,9823,0,20,0
0,86400000,11388,10305,0,80,0
0,86400000,11388,11100,0,20,0
0,86400000,11388,11101,0,20,0
0,86400000,11388,11102,0,80,0
0,86400000,11388,11341,0,80,0
0,86400000,11388,11367,0,80,0
0,86400000,11388,20011,0,80,0
0,86400000,11388,20012,0,20,0
0,86400000,11388,20014,0,20,0
0,86400000,11388,20019,0,20,0
0,86400000,11388,20020,0,20,0
0,86400000,11388,20031,0,20,0
0,86400000,11388,20105,0,20,0
0,86400000,11388,20124,0,20,0
0,86400000,11388,20125,0,20,0
0,86400000,11388,20139,0,80,0
0,86400000,11388,20153,0,80,0
0,86400000,20011,232,0,20,0
0,86400000,20011,3000,0,20,0
0,86400000,20011,3010,0,20,0
0,86400000,20011,3020,0,20,0
0,86400000,20011,3030,30,80,0
0,86400000,20011,3040,0,20,0
0,86400000,20011,3050,10,80,0
0,86400000,20011,3060,0,80,0
0,86400000,20011,4000,0,20,0
0,86400000,20011,4010,0,20,0
0,86400000,20011,4020,0,20,0
0,86400000,20011,5000,0,20,0
0,86400000,20011,5010,0,80,0
0,86400000,20011,5020,5,80,1,334
0,86400000,20011,5030,10,20,0
0,86400000,20011,5040,20,80,1,334
0,86400000,20011,6000,20,80,2,109,20165
0,86400000,20011,6010,0,20,0
0,86400000,20011,6020,0,80,0
0,86400000,20011,6030,0,20,0
0,86400000,20011,6040,0,20,0
0,86400000,20011,7060,15,80,1,20166
0,86400000,20011,7070,5,80,0
0,86400000,20011,8777,0,20,0
0,86400000,20011,8878,0,80,0
0,86400000,20011,9161,0,20,0
0,86400000,20011,9743,0,80,0
0,86400000,20011,9760,0,20,0
0,86400000,20011,9761,0,80,0
0,86400000,20011,9823,0,80,0
0,86400000,20011,10305,0,20,0
0,86400000,20011,11100,0,80,0
0,86400000,20011,11101,0,20,0
0,86400000,20011,11102,20,80,0
0,86400000,20011,11341,0,80,0
0,86400000,20011,11367,0,20,0
0,86400000,20011,11388,0,80,0
0,86400000,20011,20012,0,80,0
0,86400000,20011,20014,0,20,0
0,86400000,20011,20019,0,80,0
0,86400000,20011,20020,0,80,0
0,86400000,20011,20031,0,20,0
0,86400000,20011,20105,0,20,0
0,86400000,20011,20124,0,80,0
0,86400000,20011,20125,0,20,0
0,86400000,20011,20139,0,80,0
0,86400000,20011,20153,0,20,0
0,86400000,20012,232,30,20,1,20162
0,86400000,20012,3000,0,20,0
0,86400000,20012,3010,0,80,0
0,86400000,20012,3020,0,20,0
0,86400000,20012,3030,0,20,0
0,86400000,20012,3040,0,80,0
0,86400000,20012,3050,20,20,0
0,86400000,20012,3060,20,80,0
0,86400000,20012,4000,0,20,0
0,86400000,20012,4010,0,80,0
0,86400000,20012,4020,20,20,0
0,86400000,20012,5000,0,80,0
0,86400000,20012,5010,0,20,0
0,86400000,20012,5020,0,20,0
0,86400000,20012,5030,0,20,0
0,86400000,20012,5040,10,20,1,334
0,86400000,20012,6000,20,20,2,109,20165
0,86400000,20012,6010,0,20,0
0,86400000,20012,6020,0,20,0
0,86400000,20012,6030,0,80,0
0,86400000,20012,6040,0,20,0
0,86400000,20012,7060,40,80,1,396
0,86400000,20012,7070,40,20,2,396,402
0,86400000,20012,7090,40,80,2,396,402
0,86400000,20012,7090,40,20,1,396
0,86400000,20012,8777,0,80,0
0,86400000,20012,8878,0,80,0
0,86400000,20012,9161,0,20,0
0,86400000,20012,9743,0,20,0
0,86400000,20012,9760,0,20,0
0,86400000,20012,9761,0,20,0
0,86400000,20012,9823,0,20,0
0,86400000,20012,10305,0,80,0
0,86400000,20012,11100,0,20,0
0,86400000,20012,11101,0,20,0
0,86400000,20012,11102,0,20,0
0,86400000,20012,11341,0,20,0
0,86400000,20012,11367,0,20,0
0,86400000,20012,11388,0,20,0
0,86400000,20012,20011,0,80,0
0,86400000,20012,20014,0,20,0
0,86400000,20012,20019,0,20,0
0,86400000,20012,20020,0,20,0
0,86400000,20012,20031,0,80,0
0,86400000,20012,20105,20,80,0
0,86400000,20012,20124,0,20,0
0,86400000,20012,20125,0,80,0
0,86400000,20012,20139,20,80,0
0,86400000,20012,20153,0,80,0
0,86400000,20014,232,50,20,2,20162,162
0,86400000,20014,3000,30,20,2,20162,162
0,86400000,20014,3010,0,80,0
0,86400000,20014,3020,20,20,2,20162,162
0,86400000,20014,3030,20,80,0
0,86400000,20014,3040,0,20,0
0,86400000,20014,3050,0,80,0
0,86400000,20014,3060,0,20,0
0,86400000,20014,4000,0,20,0
0,86400000,20014,4010,30,20,1,79
0,86400000,20014,4020,30,80,0
0,86400000,20014,5000,0,20,0
0,86400000,20014,5010,0,80,0
0,86400000,20014,5020,10,80,2,334,339
0,86400000,20014,5030,0,20,0
0,86400000,20014,5040,20,20,1,334
0,86400000,20014,6000,0,80,0
0,86400000,20014,6010,0,20,0
0,86400000,20014,6020,0,20,0
0,86400000,20014,6030,0,20,0
0,86400000,20014,6040,0,80,0
0,86400000,20014,8777,0,80,0
0,86400000,20014,8878,0,80,0
0,86400000,20014,9161,0,20,0
0,86400000,20014,9743,0,80,0
0,86400000,20014,9760,0,20,0
0,86400000,20014,9761,0,80,0
0,86400000,20014,9823,0,20,0
0,86400000,20014,10305,0,20,0
0,86400000,20014,11100,0,20,0
0,86400000,20014,11101,0,80,0
0,86400000,20014,11102,0,20,0
0,86400000,20014,11341,0,20,0
0,86400000,20014,11367,0,20,0
0,86400000,20014,11388,0,20,0
0,86400000,20014,20011,0,20,0
0,86400000,20014,20012,0,20,0
0,86400000,20014,20019,0,20,0
0,86400000,20014,20020,0,20,0
0,86400000,20014,20031,0,20,0
0,86400000,20014,20105,0,80,0
0,86400000,20014,20124,0,20,0
0,86400000,20014,20125,0,80,0
0,86400000,20014,20139,0,80,0
0,86400000,20014,20153,0,20,0
0,86400000,20019,232,0,20,0
0,86400000,20019,3000,20,20,0
0,86400000,20019,3010,0,80,0
0,86400000,20019,3020,0,20,0
0,86400000,20019,3030,0,20,0
0,86400000,20019,3040,0,20,0
0,86400000,20019,3050,20,80,0
0,86400000,20019,3060,0,80,0
0,86400000,20019,4000,30,20,0
0,86400000,20019,4010,10,20,0
0,86400000,20019,4020,10,80,0
0,86400000,20019,5000,10,80,0
0,86400000,20019,5010,0,80,0
0,86400000,20019,5020,15,80,2,334,339
0,86400000,20019,5030,10,20,0
0,86400000,20019,5040,10,20,1,334
0,86400000,20019,6000,0,20,0
0,86400000,20019,6010,10,20,0
0,86400000,20019,6020,0,80,0
0,86400000,20019,6030,10,80,0
0,86400000,20019,6040,0,20,0
0,86400000,20019,8777,10,20,0
0,86400000,20019,8878,0,80,0
0,86400000,20019,9161,0,20,0
0,86400000,20019,9743,0,20,0
0,86400000,20019,9760,0,20,0
0,86400000,20019,9761,0,20,0
0,86400000,20019,9823,0,80,0
0,86400000,20019,10305,0,20,0
0,86400000,20019,11100,0,80,0
0,86400000,20019,11101,20,20,0
0,86400000,20019,11102,0,80,0
0,86400000,20019,11341,0,80,0
0,86400000,20019,11367,0,20,0
0,86400000,20019,11388,0,80,0
0,86400000,20019,20011,0,20,0
0,86400000,20019,20012,20,80,0
0,86400000,20019,20014,0,20,0
0,86400000,20019,20020,0,20,0
0,86400000,20019,20031,0,20,0
0,86400000,20019,20105,10,80,0
0,86400000,20019,20124,0,20,0
0,86400000,20019,20125,0,20,0
0,86400000,20019,20139,0,80,0
0,86400000,20019,20153,10,80,0
0,86400000,20020,232,10,80,0
0,86400000,20020,3000,0,80,0
0,86400000,20020,3010,0,80,0
0,86400000,20020,3020,0,20,0
0,86400000,20020,3030,10,80,0
0,86400000,20020,3040,0,80,0
0,86400000,20020,3050,20,20,0
0,86400000,20020,3060,0,80,0
0,86400000,20020,4000,10,20,0
0,86400000,20020,4010,0,80,0
0,86400000,20020,4020,20,20,0
0,86400000,20020,5000,50,20,3,20156,79,135
0,86400000,20020,5010,10,20,0
0,86400000,20020,5020,10,80,2,334,339
0,86400000,20020,5030,0,20,0
0,86400000,20020,5040,10,20,1,334
0,86400000,20020,6000,10,20,0
0,86400000,20020,6010,0,80,0
0,86400000,20020,6020,0,20,0
0,86400000,20020,6030,0,20,0
0,86400000,20020,6040,0,20,0
0,86400000,20020,7070,10,20,0
0,86400000,20020,8777,0,80,0
0,86400000,20020,8878,0,20,0
0,86400000,20020,9161,10,80,0
0,86400000,20020,9743,0,80,0
0,86400000,20020,9760,0,80,0
0,86400000,20020,9761,0,80,0
0,86400000,20020,9823,0,80,0
0,86400000,20020,10305,0,20,0
0,86400000,20020,11100,0,20,0
0,86400000,20020,11101,0,80,0
0,86400000,20020,11102,0,20,0
0,86400000,20020,11341,0,20,0
0,86400000,20020,11367,0,80,0
0,86400000,20020,11388,0,80,0
0,86400000,20020,20011,0,20,0
0,86400000,20020,20012,0,80,0
0,86400000,20020,20014,0,80,0
0,86400000,20020,20019,0,20,0
0,86400000,20020,20031,0,20,0
0,86400000,20020,20105,10,80,0
0,86400000,20020,20124,0,20,0
0,86400000,20020,20125,10,20,0
0,86400000,20020,20139,0,80,0
0,86400000,20020,20153,0,20,0
0,86400000,20031,232,0,20,0
0,86400000,20031,3000,0,20,0
0,86400000,20031,3010,0,20,0
0,86400000,20031,3020,0,80,0
0,86400000,20031,3030,0,20,0
0,86400000,20031,3040,0,80,0
0,86400000,20031,3050,0,80,0
0,86400000,20031,3060,0,20,0
0,86400000,20031,4000,0,20,0
0,86400000,20031,4010,0,80,0
0,86400000,20031,4020,0,80,0
0,86400000,20031,5000,0,20,0
0,86400000,20031,5010,0,20,0
0,86400000,20031,5020,0,20,0
0,86400000,20031,5030,0,80,0
0,86400000,20031,5040,0,80,0
0,86400000,20031,6000,0,20,0
0,86400000,20031,6010,0,20,0
0,86400000,20031,6020,0,80,0
0,86400000,20031,6030,0,20,0
0,86400000,20031,6040,0,20,0
0,86400000,20031,8777,0,80,0
0,86400000,20031,8878,0,20,0
0,86400000,20031,9161,0,20,0
0,86400000,20031,9743,0,20,0
0,86400000,20031,9760,0,80,0
0,86400000,20031,9761,0,20,0
0,86400000,20031,9823,0,20,0
0,86400000,20031,10305,0,20,0
0,86400000,20031,11100,0,20,0
0,86400000,20031,11101,0,80,0
0,86400000,20031,11102,0,80,0
0,86400000,20031,11341,0,20,0
0,86400000,20031,11367,0,80,0
0,86400000,20031,11388,0,20,0
0,86400000,20031,20011,0,20,0
0,86400000,20031,20012,0,20,0
0,86400000,20031,20014,0,20,0
0,86400000,20031,20019,0,20,0
0,86400000,20031,20020,0,20,0
0,86400000,20031,20105,0,80,0
0,86400000,20031,20124,0,80,0
0,86400000,20031,20125,0,80,0
0,86400000,20031,20139,0,20,0
0,86400000,20031,20153,0,20,0
0,86400000,20105,232,10,20,0
0,86400000,20105,3000,0,20,0
0,86400000,20105,3010,10,20,0
0,86400000,20105,3020,0,20,0
0,86400000,20105,3030,0,20,0
0,86400000,20105,3040,0,80,0
0,86400000,20105,3050,10,80,0
0,86400000,20105,3060,0,80,0
0,86400000,20105,4000,230,20,0
0,86400000,20105,4010,0,80,0
0,86400000,20105,4020,0,20,0
0,86400000,20105,5000,70,80,2,79,135
0,86400000,20105,5010,0,20,0
0,86400000,20105,5020,10,20,2,334,339
0,86400000,20105,5030,10,80,0
0,86400000,20105,5040,10,20,1,334
0,86400000,20105,6000,0,80,0
0,86400000,20105,6010,0,20,0
0,86400000,20105,6020,0,80,0
0,86400000,20105,6030,10,20,0
0,86400000,20105,6040,0,20,0
0,86400000,20105,7070,10,20,0
0,86400000,20105,8777,0,20,0
0,86400000,20105,8878,10,20,0
0,86400000,20105,9161,0,80,0
0,86400000,20105,9743,0,20,0
0,86400000,20105,9760,0,20,0
0,86400000,20105,9761,0,80,0
0,86400000,20105,9823,0,80,0
0,86400000,20105,10305,0,80,0
0,86400000,20105,11100,0,80,0
0,86400000,20105,11101,0,20,0
0,86400000,20105,11102,0,80,0
0,86400000,20105,11341,10,80,0
0,86400000,20105,11367,0,80,0
0,86400000,20105,11388,0,20,0
0,86400000,20105,20011,0,80,0
0,86400000,20105,20012,0,20,0
0,86400000,20105,20014,0,20,0
0,86400000,20105,20019,10,20,0
0,86400000,20105,20020,0,20,0
0,86400000,20105,20031,0,20,0
0,86400000,20105,20124,0,20,0
0,86400000,20105,20125,0,80,0
0,86400000,20105,20139,20,80,0
0,86400000,20105,20153,0,20,0
0,86400000,20124,232,0,20,0
0,86400000,20124,3000,0,80,0
0,86400000,20124,3010,0,20,0
0,86400000,20124,3020,30,20,0
0,86400000,20124,3030,0,20,0
0,86400000,20124,3040,0,80,0
0,86400000,20124,3050,20,20,0
0,86400000,20124,3060,0,20,0
0,86400000,20124,4000,20,80,0
0,86400000,20124,4010,30,80,1,757
0,86400000,20124,4020,0,80,0
0,86400000,20124,5000,20,20,1,79
0,86400000,20124,5010,20,20,0
0,86400000,20124,5020,20,80,3,79,334,339
0,86400000,20124,5030,40,20,2,757,11114
0,86400000,20124,5040,10,80,2,79,334
0,86400000,20124,6000,10,20,2,109,20165
0,86400000,20124,6010,10,20,2,109,20165
0,86400000,20124,6020,20,20,2,109,20165
0,86400000,20124,6030,0,80,0
0,86400000,20124,6040,0,80,0
0,86400000,20124,7060,30,20,1,20166
0,86400000,20124,8777,0,20,0
0,86400000,20124,8878,5,80,0
0,86400000,20124,9161,0,20,0
0,86400000,20124,9743,0,20,0
0,86400000,20124,9760,0,80,0
0,86400000,20124,9761,0,80,0
0,86400000,20124,9823,0,20,0
0,86400000,20124,10305,0,80,0
0,86400000,20124,11100,0,20,0
0,86400000,20124,11101,0,80,0
0,86400000,20124,11102,10,20,0
0,86400000,20124,11341,0,80,0
0,86400000,20124,11367,0,20,0
0,86400000,20124,11388,0,80,0
0,86400000,20124,20011,0,20,0
0,86400000,20124,20012,10,20,0
0,86400000,20124,20014,0,20,0
0,86400000,20124,20019,0,20,0
0,86400000,20124,20020,0,20,0
0,86400000,20124,20031,0,80,0
0,86400000,20124,20105,10,20,0
0,86400000,20124,20125,0,20,0
0,86400000,20124,20139,40,20,2,9800,11379
0,86400000,20124,20153,0,20,0
0,86400000,20125,232,25,20,2,20162,162
0,86400000,20125,3000,30,80,2,20162,162
0,86400000,20125,3010,0,20,0
0,86400000,20125,3020,30,20,2,20162,162
0,86400000,20125,3030,0,80,0
0,86400000,20125,3040,0,80,0
0,86400000,20125,3050,10,20,0
0,86400000,20125,3060,0,20,0
0,86400000,20125,4000,15,20,0
0,86400000,20125,4010,30,80,1,757
0,86400000,20125,4020,0,20,0
0,86400000,20125,5000,0,20,0
0,86400000,20125,5010,20,20,0
0,86400000,20125,5020,20,20,0
0,86400000,20125,5030,30,20,1,757
0,86400000,20125,5040,0,20,0
0,86400000,20125,6000,10,20,2,109,20165
0,86400000,20125,6010,10,80,2,109,20165
0,86400000,20125,6020,10,20,2,109,20165
0,86400000,20125,6030,0,20,0
0,86400000,20125,6040,10,80,0
0,86400000,20125,7060,30,80,1,20166
0,86400000,20125,7060,80,20,1,20164
0,86400000,20125,8777,0,20,0
0,86400000,20125,8878,0,20,0
0,86400000,20125,9161,0,80,0
0,86400000,20125,9743,0,20,0
0,86400000,20125,9760,0,80,0
0,86400000,20125,9761,5,20,0
0,86400000,20125,9823,0,20,0
0,86400000,20125,10305,5,80,0
0,86400000,20125,11100,0,80,0
0,86400000,20125,11101,0,80,0
0,86400000,20125,11102,0,20,0
0,86400000,20125,11341,0,80,0
0,86400000,20125,11367,5,80,0
0,86400000,20125,11388,0,80,0
0,86400000,20125,20011,0,20,0
0,86400000,20125,20012,5,20,0
0,86400000,20125,20014,10,20,0
0,86400000,20125,20019,0,20,0
0,86400000,20125,20020,0,80,0
0,86400000,20125,20031,0,20,0
0,86400000,20125,20105,10,80,0
0,86400000,20125,20124,0,80,0
0,86400000,20125,20139,35,80,2,9800,11379
0,86400000,20125,20153,0,20,0
0,86400000,20139,232,0,80,0
0,86400000,20139,3000,5,80,0
0,86400000,20139,3010,0,20,0
0,86400000,20139,3020,5,20,0
0,86400000,20139,3030,0,80,0
0,86400000,20139,3040,0,20,0
0,86400000,20139,3050,0,80,0
0,86400000,20139,3060,5,20,0
0,86400000,20139,4000,5,80,0
0,86400000,20139,4010,30,20,1,79
0,86400000,20139,4020,20,20,0
0,86400000,20139,5000,40,20,3,79,135,10884
0,86400000,20139,5010,0,80,0
0,86400000,20139,5020,25,80,3,79,135,10884
0,86400000,20139,5030,10,20,0
0,86400000,20139,5040,30,20,3,79,135,10884
0,86400000,20139,6000,15,20,2,109,20165
0,86400000,20139,6010,0,20,0
0,86400000,20139,6020,15,80,2,109,20165
0,86400000,20139,6030,0,80,0
0,86400000,20139,6040,5,20,0
0,86400000,20139,7060,30,80,1,20166
0,86400000,20139,7070,25,20,2,20163,20164
0,86400000,20139,8777,0,20,0
0,86400000,20139,8878,0,80,0
0,86400000,20139,9161,0,20,0
0,86400000,20139,9743,0,80,0
0,86400000,20139,9760,0,20,0
0,86400000,20139,9761,0,80,0
0,86400000,20139,9823,0,20,0
0,86400000,20139,10305,0,80,0
0,86400000,20139,11100,20,80,0
0,86400000,20139,11101,20,20,0
0,86400000,20139,11102,10,80,0
0,86400000,20139,11341,0,80,0
0,86400000,20139,11367,0,20,0
0,86400000,20139,11388,0,20,0
0,86400000,20139,20011,0,80,0
0,86400000,20139,20012,0,20,0
0,86400000,20139,20014,0,20,0
0,86400000,20139,20019,0,20,0
0,86400000,20139,20020,0,80,0
0,86400000,20139,20031,0,20,0
0,86400000,20139,20105,0,80,0
0,86400000,20139,20124,10,20,0
0,86400000,20139,20125,20,20,0
0,86400000,20139,20153,0,20,0
0,86400000,20153,232,0,20,0
0,86400000,20153,3000,0,80,0
0,86400000,20153,3010,0,20,0
0,86400000,20153,3020,20,20,0
0,86400000,20153,3030,0,20,0
0,86400000,20153,3040,0,20,0
0,86400000,20153,3050,10,20,0
0,86400000,20153,3060,0,20,0
0,86400000,20153,4000,5,20,0
0,86400000,20153,4010,0,20,0
0,86400000,20153,4020,0,20,0
0,86400000,20153,5000,5,80,0
0,86400000,20153,5010,0,20,0
0,86400000,20153,5020,5,20,0
0,86400000,20153,5030,10,20,0
0,86400000,20153,5040,20,20,0
0,86400000,20153,6000,15,20,2,109,20165
0,86400000,20153,6010,15,20,2,109,20165
0,86400000,20153,6020,0,80,0
0,86400000,20153,6030,0,20,0
0,86400000,20153,6040,5,80,0
0,86400000,20153,8777,0,80,0
0,86400000,20153,8878,5,80,0
0,86400000,20153,9161,0,20,0
0,86400000,20153,9743,5,80,0
0,86400000,20153,9760,0,20,0
0,86400000,20153,9761,0,20,0
0,86400000,20153,9823,0,20,0
0,86400000,20153,10305,0,80,0
0,86400000,20153,11100,0,20,0
0,86400000,20153,11101,5,80,0
0,86400000,20153,11102,0,20,0
0,86400000,20153,11341,0,80,0
0,86400000,20153,11367,0,20,0
0,86400000,20153,11388,0,20,0
0,86400000,20153,20011,0,20,0
0,86400000,20153,20012,5,20,0
0,86400000,20153,20014,0,80,0
0,86400000,20153,20019,0,20,0
0,86400000,20153,20020,0,20,0
0,86400000,20153,20031,0,80,0
0,86400000,20153,20105,5,20,0
0,86400000,20153,20124,0,80,0
0,86400000,20153,20125,5,20,0
0,86400000,20153,20139,50,80,2,9800,11379
