0,2222,69,147
5,2222,9,265
7,2222,265,8
8,2222,7,851
9,2232,5,800
10,2222,21,20
14,3322,61,168
17,2222,18,196
18,2222,17,173
20,2222,260,10
21,2222,10,450
25,23102310,156,762,242,763
26,323322,3040,62,280
38,2222,39,243
39,222222,38,365,99
40,2222,41,278
41,2222,40,174
42,2222,11114,254
45,2223,99,48
48,32534233,49,276,45,111
49,2222,48,51
51,2222,49,376
52,322222,113,385,376
53,22222222,54,93,94,56
54,223310,53,55,7040
55,331022,54,7050,267
56,2222,53,206
57,2222,207,3010
61,33102201,14,62,905,900
62,32101101,26,900,906,61
63,2232,66,106
66,2210100101,63,851,852,853,850
68,2222,74,80
69,2222,0,5000
73,2222,76,80
74,2222,68,192
75,33102201,76,647,100,649
76,3322,75,73
78,33102201,138,1306,1300,1305
79,3223,142,10852
80,2222,68,73
81,2222,190,192
82,2222,83,231
83,2222,82,88
84,2222,85,231
85,2222,84,86
86,2222,85,6040
88,222232,83,387,89
89,2222,88,91
91,2222,204,89
93,222222,53,701,286
94,2222,53,286
95,10220133,278,800,801,279
96,222232,6020,6010,300
97,2222,99,202
99,223222,39,45,97
100,2222,75,600
101,2222,292,601
106,23102310,63,740,700,741
108,32323232,146,401,154,400
109,32323232,110,7090,154,530
110,2322,109,292
111,331133,48,7070,999
113,32323233,253,52,310,350
115,222222,121,702,127
116,22222222,117,165,281,232
117,32323232,116,380,122,381
121,2222,115,3020
122,2222,117,123
123,2222,122,285
124,222222,285,571,403
125,322222,127,536,571
127,2222,115,125
128,2222,129,395
129,32323232,128,358,131,20164
130,32323432,146,7060,20166,1100
131,2222,129,283
132,2222,189,280
134,2222,137,227
135,2222,136,259
136,2222,135,137
137,2222,136,134
138,33102201,78,1002,1600,1601
141,222310,1004,20166,7110
142,222222,79,1001,1003
144,2333,242,1600
146,32323332,108,335,130,384
147,2222,0,166
150,2222,3000,209
151,32323232,241,321,153,320
153,32323332,151,312,603,311
154,2222,108,109
156,3222,25,159
159,2222,156,4010
161,2222,163,281
162,222222,282,20162,8515
163,2222,161,282
165,2222,116,395
166,2222,147,225
168,2222,14,260
170,3333,279,501
171,2233,173,501
173,2222,18,171
174,2233,41,600
175,2332,5020,250
184,2343,300,1200
185,23102310,190,344,5010,345
187,222222,238,845,291
188,322222,189,9851,20160
189,2222,132,188
190,32013201,81,341,185,340
192,2222,81,74
196,2222,197,17
197,2222,196,6030
201,2222,6000,202
202,2222,97,201
204,222222,91,205,287
205,2222,204,206
206,2222,56,205
207,2222,236,57
209,2222,150,288
222,2222,226,227
225,222222,166,226,328
226,2222,222,225
227,223222,222,134,318
231,2222,82,84
232,22,116
235,2223,236,700
236,2222,207,235
238,2222,187,274
241,231132,151,7080,999
242,32013201,25,759,144,758
243,322222,244,371,38
244,2222,243,245
245,223222,244,246,371
246,2222,245,247
247,2222,246,248
248,2222,247,249
249,2222,248,250
250,33423232,175,339,370,249
252,2222,253,502
253,2222,113,252
254,2222,291,42
259,2232,135,1004
260,2222,20,168
265,2222,5,7
267,2222,55,268
268,2222,267,269
269,2222,268,500
273,2222,4000,274
274,2222,273,238
276,34102201,48,1203,1200,1205
278,2210100101,40,803,801,802,95
279,3333,170,95
280,2222,132,26
281,2222,116,161
282,2222,163,162
283,2222,131,1100
285,2222,124,123
286,2222,94,93
287,2222,288,204
288,2222,209,287
291,222222,254,187,11347
292,2222,101,110
300,3223,184,96
310,222222,113,320,311
311,2222,310,153
312,2222,153,313
313,2222,312,314
314,2222,313,315
315,2222,314,316
316,222232,315,325,317
317,322222,316,318,333
318,2222,317,227
320,2222,151,310
321,2222,322,151
322,222222,323,321,360
323,2222,324,322
324,322222,325,323,332
325,222232,326,316,324
326,2222,327,325
327,2222,328,326
328,2222,225,327
330,222232,5040,331,338
331,2222,330,332
332,2222,331,324
333,322222,317,337,400
334,2222,337,335
335,223222,334,336,146
336,2222,335,20166
337,2222,333,334
338,222023,330,342,339
339,330232,250,343,338
340,0110,342,190
341,1001,190,342
342,100210,341,338,340
343,012001,345,339,344
344,1001,343,185
345,0110,185,343
350,3222,113,351
351,2222,350,352
352,2222,351,353
353,223222,352,537,390
354,2222,537,356
356,32323232,354,402,357,394
357,2222,356,358
358,32323232,357,384,129,383
360,2222,361,322
361,2222,362,360
362,2222,363,361
363,2222,364,362
364,222222,363,365,366
365,2222,39,364
366,222232,364,371,367
367,223310,366,368,7020
368,331022,367,7030,369
369,222222,368,370,372
370,2222,369,250
371,322222,243,245,366
372,2222,373,369
373,2222,374,372
374,2222,999,373
375,2222,376,999
376,322222,51,375,52
380,2222,3060,117
381,2222,117,382
382,2222,381,383
383,32323232,382,394,358,395
384,2222,358,146
385,2222,386,52
386,2222,387,385
387,2222,88,386
390,2222,353,391
391,2222,390,532
392,222320,531,393,7100
393,323222,392,394,403
394,322222,393,356,383
395,32323232,396,165,383,128
396,2222,20162,395
400,2222,108,333
401,2222,402,108
402,2222,356,401
403,2222,124,393
450,2222,21,850
500,222122,269,503,502
501,33113311,171,504,170,503
502,222211,252,500,504
503,1111,501,500
504,1111,501,502
530,2222,109,537
531,322222,532,537,392
532,322222,531,533,391
533,2222,532,534
534,2222,535,533
535,2222,534,536
536,2222,535,125
537,32323232,531,353,530,354
571,2222,125,124
600,33102201,174,645,100,646
601,2222,101,630
602,111001,603,646,645
603,33113311,153,648,630,602
630,333222,603,633,601
631,021010,633,634,635
632,200101,633,637,636
633,232002,630,631,632
634,1001,1013,631
635,0110,631,1013
636,1001,632,1012
637,0110,1012,632
645,1001,602,600
646,0110,602,600
647,1001,648,75
648,111001,603,649,647
649,0110,648,75
700,32013201,106,743,235,742
701,2222,93,702
702,22302202,115,744,701,740
740,200101,702,106,741
741,1001,740,106
742,1001,700,744
743,1001,700,744
744,201003,743,742,702
750,2222,5030,751
751,2222,750,752
752,2222,751,753
753,2222,752,754
754,2222,753,755
755,2222,756,754
756,22203202,757,760,755,761
757,2222,11114,756
758,1001,242,760
759,0110,760,242
760,021010,756,759,758
761,200101,756,763,762
762,1001,761,25
763,0110,25,761
780,2222,11114,781
781,2222,780,782
782,2222,781,783
783,2222,782,4020
800,23102201,9,804,95,803
801,1001,95,278
802,1001,278,804
803,0110,278,800
804,1001,802,800
840,2222,20160,841
841,2222,840,3050
842,2222,20160,843
843,2222,842,844
844,2222,843,845
845,2222,844,187
850,22012210,851,852,450,66
851,22102201,8,853,850,66
852,1001,850,66
853,1001,66,851
900,1001,61,62
905,33102201,3030,907,61,906
906,100111,905,907,62
907,0110,905,906
999,42323232,111,374,241,375
1001,32113211,142,1303,1004,1304
1002,0110,138,1602
1003,223332,142,1004,1080
1004,32334332,141,259,1003,1001
1005,3333,1007,1300
1007,33102201,1005,1055,1050,1056
1008,3233,1009,1050
1009,222310,1010,1008,7010
1010,231022,1011,7000,1009
1011,3332,1012,1010
1012,23103310,1013,637,1011,636
1013,32013201,1014,635,1012,634
1014,2223,1015,1013
1015,2222,1014,1017
1017,222003,1015,1205,1201
1050,33102201,1008,1052,1007,1051
1051,1001,1050,1053
1052,0110,1050,1053
1053,100111,1051,1052,1100
1054,121001,1100,1056,1055
1055,0110,1007,1054
1056,1001,1007,1054
1080,222002,1003,1601,1602
1100,22112221,283,1053,130,1054
1200,34202201,184,1201,276,1202
1201,023001,1200,1017,1203
1202,1001,1200,1205
1203,1001,1201,276
1205,100210,1202,1017,276
1300,33102201,1005,1302,78,1301
1301,1001,1300,1303
1302,0110,1300,1303
1303,100111,1301,1302,1001
1304,111001,1001,1305,1306
1305,0110,1304,78
1306,1001,1304,78
1600,22013310,138,1603,144,1602
1601,101002,138,1603,1080
1602,200101,1080,1002,1600
1603,1001,1600,1601
3000,22,150
3010,22,57
3020,22,121
3030,33,905
3040,23,26
3050,22,841
3060,22,380
4000,22,273
4010,22,159
4020,22,783
5000,22,69
5010,32,185
5020,32,175
5030,22,750
5040,22,330
6000,22,201
6010,22,96
6020,22,96
6030,22,197
6040,22,86
7000,01,1010
7010,01,1009
7020,01,367
7030,01,368
7040,01,54
7050,01,55
7060,23,130
7070,11,111
7080,11,241
7090,22,109
7100,02,392
7110,01,141
8489,2222,8709,20162
8515,2222,20159,162
8574,2333,20003,20163
8709,32324232,8713,8489,20001,9177
8713,32113201,8727,20012,8709,9170
8727,32323232,8777,20159,8713,9699
8777,32,8727
8813,2222,8827,11368
8827,222220,8813,11369,9361
8833,32423243,11369,20003,8878,20004
8878,32,8833
9161,11,9170
9170,212010220132,9161,8713,20008,11394,20007,9485
9177,01321132,11392,8709,20011,9178
9178,102332,11393,9177,11389
9179,2222,11394,11390
9361,01021020,9363,8827,9364,9524
9363,21111021,11349,11367,9361,9513
9364,01201002,9361,11369,9365,11370
9365,013223,9364,20004,11413
9485,323232,9629,9170,11389
9512,1111,9513,11348
9513,11110111,9512,9363,9524,11351
9524,100220,9513,9361,9846
9629,1422,9699,9485
9699,32324153,9851,8727,9629,20005
9743,34,9843
9745,2222,9747,11391
9747,2110220133,11403,11364,9745,11385,11387
9750,1311,9840,11351
9760,33,9883
9761,11,9867
9800,01333320,10274,11365,11379,20023
9814,33113310,9843,20032,9818,11374
9818,43423311,9814,11387,9821,11375
9821,334302,9818,20051,11376
9823,10,11377
9840,43313311,20051,9750,9846,11360
9843,42434343,9915,9743,9814,11378
9846,33023320,9840,9524,11370,11377
9851,2222,9699,188
9867,33113311,11370,9761,9883,20029
9883,43434343,9867,11413,9760,11414
9915,2322,9843,9983
9983,222211,10088,9915,20137
10088,32442243,11399,20005,9983,11395
10209,111110,20020,11396,10240
10240,014334,10209,11395,20156
10248,1111,10873,20015
10274,10110101,9800,20023,10276,10584
10276,1001,10274,10278
10278,10200102,10276,20025,11383,10583
10286,10020120,11383,20027,11371,10582
10298,10110111,11371,20029,10315,10581
10305,10,10315
10315,200133200133,10298,20029,11414,20031,10305,10580
10580,3333,10315,10886
10581,1111,10298,10896
10582,0220,10286,10893
10583,2002,10278,10894
10584,1001,10274,10890
10852,2332,20158,79
10859,32434342,20155,20156,10873,20126
10866,2222,20155,20161
10873,43114331,10859,10248,10884,20009
10884,43434243,10873,20033,20034,20127
10886,42424242,20157,10580,20158,20133
10890,22103301,20034,10584,10894,11101
10893,32022220,10894,10582,11373,20151
10894,33203302,10890,10583,10893,20150
10896,221122,11373,10581,20157
11100,11,20114
11101,10,10890
11102,10,20115
11114,32323232,20123,757,780,42
11341,11,20104
11347,2222,20102,291
11348,1111,11349,9512
11349,112111,11353,9363,11348
11351,1111,9513,9750
11353,1111,11349,20048
11356,111110,11359,11384,20039
11357,1001,11385,20039
11359,110111,11356,11386,11401
11360,10110111,11376,9840,11377,20052
11364,0110,9747,11386
11365,3333,9800,20033
11367,11,9363
11368,2222,8813,20001
11369,32113202,8827,20014,8833,9364
11370,33203310,9846,9364,9867,20028
11371,20010101,10286,20028,10298,11372
11372,1001,11371,11373
11373,221022,10893,11372,10896
11374,011010,9814,11375,11380
11375,01110111,11374,9818,11376,11381
11376,10200102,11375,9821,11360,11382
11377,10020120,11360,9846,9823,20147
11378,3333,9843,20154
11379,3333,20154,9800
11380,0110,11374,20023
11381,1111,11375,20024
11382,2002,11376,20025
11383,1001,10278,10286
11384,1111,11356,20048
11385,1001,9747,11357
11386,1001,11359,11364
11387,3334,9747,9818
11388,11,20032
11389,2222,9485,9178
11390,2222,9179,11391
11391,2222,9745,11390
11392,1001,9177,20008
11393,0110,9178,20007
11394,2222,9179,9170
11395,4434,10240,10088
11396,112111,20019,11399,10209
11399,2212,10088,11396
11401,1111,11359,11402
11402,1111,11401,11403
11403,111111,20032,11402,9747
11413,3233,9365,9883
11414,3442,9883,10315
20001,2422,8709,11368
20003,3223,8574,8833
20004,3433,8833,9365
20005,3543,9699,10088
20007,0110,11393,9170
20008,1001,11392,9170
20009,1211,10873,20103
20011,11,9177
20012,11,8713
20014,11,11369
20015,1111,20137,10248
20019,11,11396
20020,11,10209
20023,01011011,9800,11380,20024,10274
20024,011110,20023,11381,20025
20025,01201002,20024,11382,20026,10278
20026,011110,20025,20052,20027
20027,01021020,20026,20147,20028,10286
20028,01011010,20027,11370,20029,11371
20029,01111011,20028,9867,10315,10298
20031,01,10315
20032,111111,9814,11388,11403
20033,3334,11365,10884
20034,2322,10884,10890
20039,0110,11356,11357
20048,1111,11353,11384
20051,3434,9821,9840
20052,1111,11360,20026
20101,323223,20136,20103,20102
20102,11321122,20105,20101,20104,11347
20103,32112211,20101,20009,20106,20104
20104,11111111,20102,20103,20107,11341
20105,11,20102
20106,223211,20103,20108,20107
20107,1111,20104,20106
20108,2332,20106,20112
20112,32432221,20108,20128,20113,20114
20113,2222,20112,20115
20114,1111,20112,11100
20115,22202201,20113,20150,20121,11102
20121,220222,20115,20151,20122
20122,222211,20121,20123,20124
20123,32423232,20122,20134,20125,11114
20124,11,20122
20125,23,20123
20126,2432,10859,20135
20127,3433,10884,20128
20128,3334,20127,20112
20133,2322,10886,20134
20134,2224,20133,20123
20135,2322,20126,20136
20136,2223,20135,20101
20137,1111,9983,20015
20139,11,20154
20147,0220,11377,20027
20150,201102,10894,20152,20115
20151,022011,10893,20121,20152
20152,111111,20150,20151,20153
20153,11,20152
20154,333311,11378,11379,20139
20155,2223,10866,10859
20156,4334,10240,10859
20157,2322,10886,10896
20158,2332,10886,10852
20159,2223,8515,8727
20160,32323232,188,20161,842,840
20161,2222,20160,10866
20162,32323232,162,396,20163,8489
20163,32334243,20162,20164,20165,8574
20164,2332,129,20163
20165,3224,20166,20163
20166,43323233,130,336,141,20165
